App,Package,Start Time,Duration,Filename
"System",,"Jun 26, 2018 @ 08:51:35 PM","2 min 22 sec","Trepn_2018.06.26_205135.db"

Time  [ms],"Battery Status",Time  [ms],"Battery Power* [uW]",Time  [ms],"CPU1 Frequency [kHz]",Time  [ms],"CPU2 Frequency [kHz]",Time  [ms],"CPU1 Load [%]",Time  [ms],"CPU2 Load [%]",
2,1,2,251577,0,2295000,1,2295000,1,0,2,18,
107,1,107,1062217,103,2295000,103,2295000,103,0,107,76,
117,1,204,698827,203,2295000,203,2295000,203,0,204,50,
204,1,305,69768,303,1530000,304,1530000,303,0,305,10,
305,1,405,962366,404,2091000,404,2091000,404,0,405,81,
405,1,505,1397655,504,2295000,504,2295000,504,0,505,100,
505,1,605,1397655,604,2295000,605,2295000,604,0,605,100,
605,1,706,1397655,704,2295000,705,2295000,705,0,705,100,
706,1,807,1397655,805,2295000,806,2295000,806,0,807,100,
807,1,907,754733,906,2295000,906,2295000,906,0,907,54,
907,1,1007,1397655,1006,2295000,1006,2295000,1006,0,1007,100,
1007,1,1110,1397655,1108,2295000,1108,2295000,1108,0,1110,100,
1110,1,1209,1397655,1208,2295000,1209,2295000,1208,0,1209,100,
1209,1,1310,1397655,1309,2295000,1309,2295000,1309,0,1310,100,
1310,1,1418,1397655,1416,2295000,1416,2295000,1416,0,1418,100,
1418,1,1520,1397655,1516,2295000,1519,2295000,1518,0,1520,100,
1520,1,1618,1397655,1617,2295000,1617,2295000,1617,0,1618,100,
1618,1,1719,1397655,1717,2295000,1718,2295000,1718,0,1718,100,
1719,1,1824,1397655,1819,2295000,1824,2295000,1823,0,1824,100,
1824,1,1919,614968,1918,2295000,1918,2295000,1918,0,1919,44,
1919,1,2019,614968,2018,2295000,2018,2295000,2018,0,2019,44,
2019,1,2120,279531,2118,2295000,2119,2295000,2119,0,2120,20,
2120,1,2220,279531,2218,2295000,2219,2295000,2219,0,2220,20,
2220,1,2326,188373,2321,1530000,2323,1530000,2323,0,2326,27,
2326,1,2421,962366,2420,2091000,2420,2091000,2420,0,2421,81,
2421,1,2521,573038,2520,2295000,2521,2295000,2521,0,2521,41,
2522,1,2624,348840,2621,1530000,2622,1530000,2621,0,2623,50,
2624,1,2723,348840,2722,1530000,2722,1530000,2722,0,2723,50,
2723,1,2823,379831,2822,1836000,2822,1836000,2822,0,2823,40,
2823,1,2928,52693,2923,510000,2925,510000,2924,0,2928,41,
2928,1,3025,0,3023,1836000,3024,1836000,3024,0,3025,0,
3025,1,3125,0,3124,2295000,3124,2295000,3124,0,3125,0,
3125,1,3225,0,3224,1530000,3224,1530000,3224,0,3225,0,
3225,1,3331,60015,3325,612000,3328,612000,3326,0,3330,36,
3331,1,3426,153489,3425,1530000,3425,1530000,3425,0,3426,22,
3426,1,3528,209303,3526,510000,3527,1530000,3527,0,3528,30,
3528,1,3630,125582,3626,1530000,3626,1530000,3626,0,3630,18,
3630,1,3731,46267,3727,510000,3729,510000,3728,0,3731,36,
3732,1,3832,28274,3828,510000,3829,510000,3828,0,3832,22,
3832,1,3929,460468,3927,1530000,3928,1530000,3928,0,3929,66,
3929,1,4029,774479,4028,2193000,4028,2193000,4028,0,4029,60,
4029,1,4134,12852,4129,510000,4131,510000,4130,0,4134,10,
4134,1,4230,348840,4229,1530000,4229,1530000,4229,0,4230,50,
4230,1,4331,153489,4329,1530000,4330,1530000,4330,0,4331,22,
4331,1,4431,69768,4430,1530000,4430,1530000,4430,0,4431,10,
4431,1,4532,125582,4530,1530000,4531,1530000,4531,0,4532,18,
4532,1,4636,0,4632,510000,4633,510000,4632,0,4636,0,
4636,1,4735,83446,4732,765000,4733,765000,4733,0,4735,36,
4735,1,4837,58379,4833,637500,4835,637500,4834,0,4837,33,
4838,1,4944,108944,4933,688500,4935,688500,4934,0,4944,55,
4945,1,5035,139536,5034,1530000,5034,1530000,5034,0,5035,20,
5035,1,5136,313955,5134,1530000,5135,1530000,5135,0,5136,45,
5136,1,5240,32130,5236,510000,5237,510000,5237,0,5240,25,
5240,1,5339,230234,5337,1530000,5338,1530000,5338,0,5339,33,
5339,1,5438,153489,5437,1530000,5437,1530000,5437,0,5438,22,
5438,1,5543,14137,5538,510000,5540,510000,5540,0,5543,11,
5544,1,5642,42411,5638,510000,5640,510000,5639,0,5642,33,
5642,1,5743,14137,5739,510000,5740,510000,5739,0,5743,11,
5743,1,5843,18337,5839,612000,5841,612000,5840,0,5843,11,
5843,1,5944,34419,5940,535500,5941,535500,5941,0,5944,25,
5944,1,6044,44128,6040,561000,6042,561000,6041,0,6044,30,
6044,1,6142,153489,6140,1530000,6141,1530000,6141,0,6142,22,
6142,1,6242,139536,6241,1530000,6241,1530000,6241,0,6242,20,
6242,1,6343,348840,6341,1530000,6342,1530000,6342,0,6343,50,
6344,1,6445,25704,6442,510000,6443,510000,6443,0,6445,20,
6445,1,6543,209303,6542,1530000,6543,1530000,6542,0,6543,30,
6543,1,6644,83721,6643,1530000,6643,1530000,6643,0,6644,12,
6644,1,6748,34419,6744,535500,6745,535500,6745,0,6748,25,
6749,1,6849,32130,6845,510000,6846,510000,6846,0,6849,25,
6850,1,6950,251164,6946,1530000,6947,1530000,6947,0,6950,36,
6950,1,7047,76744,7046,1530000,7046,1530000,7046,0,7047,11,
7047,1,7149,188373,7146,1530000,7147,1530000,7147,0,7148,27,
7149,1,7252,12852,7247,510000,7248,510000,7248,0,7252,10,
7255,1,7348,230234,7347,1530000,7348,1530000,7347,0,7348,33,
7348,1,7448,125582,7447,1530000,7448,1530000,7447,0,7448,18,
7449,1,7552,0,7548,535500,7550,535500,7549,0,7552,0,
7552,1,7653,38919,7649,637500,7650,637500,7649,0,7653,22,
7653,1,7753,19459,7749,637500,7751,637500,7750,0,7753,11,
7753,1,7859,14137,7853,510000,7854,510000,7854,0,7858,11,
7859,1,7955,72698,7952,739500,7953,739500,7952,0,7955,33,
7955,1,8058,14137,8052,510000,8054,510000,8054,0,8057,11,
8058,1,8158,34489,8153,586500,8155,586500,8154,0,8158,22,
8159,1,8257,35381,8253,637500,8255,637500,8254,0,8257,20,
8257,1,8356,313955,8354,1530000,8354,1530000,8354,0,8356,45,
8356,1,8458,12852,8454,510000,8455,510000,8455,0,8457,10,
8458,1,8555,69768,8554,1530000,8554,1530000,8554,0,8555,10,
8555,1,8659,31843,8655,637500,8656,637500,8656,0,8658,18,
8659,1,8760,41303,8756,510000,8758,535500,8757,0,8760,30,
8760,1,8864,14137,8857,510000,8860,510000,8859,0,8863,11,
8864,1,8958,0,8957,1530000,8957,1530000,8957,0,8958,0,
8958,1,9062,25704,9058,510000,9059,510000,9059,0,9062,20,
9062,1,9163,25704,9159,510000,9161,510000,9160,0,9163,20,
9164,1,9264,12852,9260,510000,9262,510000,9261,0,9264,10,
9265,1,9361,279072,9359,1530000,9360,1530000,9360,0,9361,40,
9361,1,9461,0,9460,1530000,9460,1530000,9460,0,9461,0,
9461,1,9564,33341,9561,612000,9562,612000,9562,0,9564,20,
9564,1,9666,25704,9662,510000,9663,510000,9663,0,9666,20,
9666,1,9768,32130,9762,510000,9765,510000,9764,0,9767,25,
9768,1,9863,97675,9862,1530000,9862,1530000,9862,0,9863,14,
9863,1,9964,153489,9963,1530000,9963,1530000,9963,0,9964,22,
9964,1,10071,30288,10064,535500,10066,535500,10066,0,10071,22,
10072,1,10171,12852,10165,510000,10167,510000,10166,0,10170,10,
10171,1,10266,306979,10265,1530000,10266,1530000,10265,0,10266,44,
10267,1,10370,230234,10369,1530000,10369,1530000,10369,0,10370,33,
10370,1,10476,0,10471,510000,10473,510000,10472,0,10476,0,
10476,1,10581,23133,10572,510000,10576,510000,10573,0,10580,18,
10582,1,10673,0,10672,1530000,10672,1530000,10672,0,10673,0,
10673,1,10774,0,10773,1530000,10773,1530000,10773,0,10774,0,
10774,1,10877,230234,10874,1530000,10874,1530000,10874,0,10876,33,
10877,1,10979,47764,10974,637500,10975,637500,10974,0,10979,27,
10979,1,11076,153489,11074,1530000,11075,1530000,11074,0,11076,22,
11076,1,11180,46267,11175,510000,11177,510000,11177,0,11180,36,
11181,1,11281,34700,11276,510000,11278,510000,11277,0,11281,27,
11281,1,11379,404654,11377,1530000,11378,1530000,11378,0,11379,58,
11379,1,11482,27535,11478,535500,11479,535500,11479,0,11482,20,
11482,1,11588,14137,11580,510000,11583,510000,11582,0,11587,11,
11589,1,11680,113949,11679,1836000,11679,1836000,11679,0,11680,12,
11680,1,11780,0,11779,2295000,11779,2295000,11779,0,11780,0,
11780,1,11880,139765,11879,2295000,11879,2295000,11879,0,11880,10,
11880,1,11982,139765,11981,2295000,11981,2295000,11981,0,11982,10,
11982,1,12082,0,12081,2295000,12082,2295000,12081,0,12082,0,
12082,1,12182,0,12181,2295000,12182,2295000,12182,0,12182,0,
12182,1,12287,0,12282,510000,12284,510000,12283,0,12287,0,
12287,1,12385,376747,12383,1530000,12383,1530000,12383,0,12385,54,
12385,1,12488,20563,12483,510000,12485,510000,12484,0,12488,16,
12488,1,12589,50012,12584,612000,12586,612000,12585,0,12588,30,
12589,1,12685,209303,12684,1530000,12684,1530000,12684,0,12685,30,
12685,1,12788,31843,12784,637500,12786,637500,12785,0,12788,18,
12788,1,12894,0,12885,510000,12889,510000,12886,0,12893,0,
12894,1,12988,153489,12986,1530000,12987,1530000,12987,0,12988,22,
12988,1,13091,19459,13087,637500,13089,637500,13088,0,13091,11,
13091,1,13193,15144,13188,535500,13189,535500,13189,0,13193,11,
13193,1,13293,0,13288,510000,13290,510000,13290,0,13293,0,
13293,1,13389,230234,13388,1530000,13388,1530000,13388,0,13389,33,
13389,1,13493,0,13489,637500,13490,637500,13490,0,13492,0,
13493,1,13597,12852,13590,510000,13593,510000,13591,0,13596,10,
13597,1,13640,189915,13639,1836000,13639,1836000,13639,0,13640,20,
13640,1,13740,111381,13739,2014500,13740,2014500,13739,0,13740,10,
13740,1,13844,23133,13840,510000,13842,510000,13841,0,13844,18,
13844,1,13957,53071,13941,637500,13943,637500,13942,0,13956,30,
13957,1,14042,293025,14040,1530000,14041,1530000,14041,0,14042,42,
14042,1,14145,153489,14142,1530000,14143,1530000,14143,0,14145,22,
14145,1,14246,19459,14243,637500,14244,637500,14244,0,14246,11,
14246,1,14348,79607,14344,637500,14345,637500,14345,0,14348,45,
14348,1,14446,0,14444,1530000,14445,1530000,14444,0,14445,0,
14446,1,14549,44128,14545,561000,14547,561000,14546,0,14549,30,
14549,1,14651,33341,14646,612000,14648,612000,14647,0,14650,20,
14651,1,14750,0,14747,1530000,14748,1530000,14748,0,14750,0,
14750,1,14852,0,14847,510000,14849,510000,14849,0,14851,0,
14852,1,14949,76744,14947,1530000,14948,1530000,14948,0,14949,11,
14949,1,15052,15677,15048,586500,15050,586500,15049,0,15052,10,
15053,1,15153,46267,15149,510000,15150,510000,15150,0,15152,36,
15153,1,15255,38556,15249,510000,15251,510000,15250,0,15254,30,
15255,1,15352,230234,15350,1530000,15351,1530000,15350,0,15352,33,
15352,1,15455,12852,15450,510000,15451,510000,15451,0,15454,10,
15455,1,15556,0,15551,535500,15552,535500,15552,0,15555,0,
15556,1,15658,23133,15652,510000,15654,510000,15653,0,15657,18,
15658,1,15753,76744,15752,1530000,15752,1530000,15752,0,15753,11,
15753,1,15859,12852,15853,510000,15856,510000,15854,0,15858,10,
15859,1,15959,14137,15954,510000,15957,510000,15956,0,15959,11,
15959,1,16060,23133,16055,510000,16057,510000,16056,0,16060,18,
16061,1,16156,279072,16155,1530000,16155,1530000,16155,0,16156,40,
16156,1,16260,47764,16256,637500,16258,637500,16257,0,16260,27,
16260,1,16362,348840,16360,1530000,16361,1530000,16361,0,16362,50,
16362,1,16468,12852,16461,510000,16463,510000,16462,0,16467,10,
16468,1,16562,251164,16561,1530000,16561,1530000,16561,0,16562,36,
16562,1,16666,12852,16662,510000,16663,510000,16663,0,16666,10,
16667,1,16769,14137,16765,510000,16766,510000,16765,0,16769,11,
16769,1,16874,12852,16867,510000,16870,510000,16869,0,16873,10,
16875,1,16967,313955,16965,1530000,16966,1530000,16966,0,16967,45,
16967,1,17071,17690,17067,637500,17069,637500,17068,0,17071,10,
17071,1,17173,27535,17169,535500,17171,535500,17170,0,17173,20,
17173,1,17274,16521,17268,535500,17271,535500,17269,0,17274,12,
17276,1,17371,376747,17368,1530000,17370,1530000,17369,0,17371,54,
17371,1,17473,0,17469,510000,17471,510000,17470,0,17473,0,
17473,1,17570,69768,17569,1530000,17569,1530000,17569,0,17570,10,
17570,1,17674,23133,17670,510000,17671,510000,17671,0,17674,18,
17674,1,17775,0,17771,510000,17772,510000,17771,0,17774,0,
17775,1,17876,23133,17872,510000,17873,510000,17873,0,17876,18,
17877,1,17983,49563,17975,510000,17979,535500,17978,0,17983,36,
17984,1,18082,17690,18076,637500,18079,637500,18077,0,18081,10,
18082,1,18179,0,18176,1530000,18178,1530000,18177,0,18179,0,
18179,1,18284,0,18278,510000,18279,510000,18279,0,18283,0,
18284,1,18379,383724,18377,1530000,18378,1530000,18377,0,18378,55,
18379,1,18483,37172,18478,535500,18480,535500,18479,0,18482,27,
18483,1,18584,14137,18579,510000,18580,510000,18580,0,18584,11,
18584,1,18680,76744,18678,1530000,18679,1530000,18679,0,18680,11,
18680,1,18784,17690,18780,637500,18781,637500,18781,0,18783,10,
18784,1,18886,25704,18881,510000,18883,510000,18882,0,18885,20,
18886,1,18986,17690,18981,637500,18983,637500,18982,0,18985,10,
18986,1,19087,0,19082,510000,19083,510000,19083,0,19086,0,
19087,1,19183,251164,19181,1530000,19182,1530000,19182,0,19183,36,
19183,1,19287,34489,19282,586500,19284,586500,19283,0,19286,22,
19287,1,19384,251164,19383,1530000,19384,1530000,19383,0,19384,36,
19384,1,19491,23133,19484,510000,19485,510000,19485,0,19490,18,
19491,1,19588,28274,19584,510000,19586,510000,19585,0,19588,22,
19588,1,19689,35381,19685,637500,19686,637500,19686,0,19688,20,
19689,1,19790,49563,19785,535500,19787,535500,19786,0,19789,36,
19790,1,19888,279072,19886,1530000,19886,1530000,19886,0,19888,40,
19888,1,19998,1257889,19988,2295000,19990,2295000,19990,0,19995,90,
19998,1,20089,1397655,20088,2295000,20088,2295000,20088,0,20089,100,
20089,1,20189,419296,20188,2295000,20188,2295000,20188,0,20189,30,
20189,1,20289,0,20288,2295000,20289,2295000,20288,0,20289,0,
20289,1,20390,125582,20388,1530000,20389,1530000,20389,0,20390,18,
20390,1,20494,42328,20490,586500,20491,586500,20491,0,20493,27,
20494,1,20595,0,20590,637500,20592,637500,20591,0,20595,0,
20595,1,20694,35381,20691,637500,20692,637500,20692,0,20694,20,
20694,1,20796,25704,20792,510000,20794,510000,20793,0,20796,20,
20796,1,20898,34700,20893,510000,20895,510000,20894,0,20897,27,
20898,1,20998,28274,20994,510000,20996,510000,20995,0,20998,22,
20998,1,21100,35381,21095,637500,21096,637500,21095,0,21099,20,
21100,1,21198,125582,21196,1530000,21197,1530000,21197,0,21198,18,
21199,1,21297,664705,21296,1836000,21297,1836000,21296,0,21297,70,
21297,1,21397,1397655,21396,2295000,21397,2295000,21397,0,21397,100,
21397,1,21498,1397655,21497,2295000,21497,2295000,21497,0,21498,100,
21498,1,21598,1397655,21597,2295000,21597,2295000,21597,0,21598,100,
21598,1,21699,1397655,21697,2295000,21698,2295000,21698,0,21699,100,
21699,1,21799,1257889,21798,2295000,21798,2295000,21798,0,21799,90,
21799,1,21899,1229936,21898,2295000,21899,2295000,21898,0,21899,88,
21899,1,22000,400974,21998,2014500,21999,2014500,21999,0,21999,36,
22000,1,22100,174420,22099,1530000,22099,1530000,22099,0,22100,25,
22100,1,22200,209303,22199,1530000,22200,1530000,22199,0,22200,30,
22201,1,22303,189519,22302,1734000,22302,1734000,22302,0,22303,22,
22303,1,22402,188373,22401,1530000,22401,1530000,22401,0,22402,27,
22402,1,22502,0,22501,1530000,22502,1530000,22501,0,22502,0,
22503,1,22603,0,22601,1530000,22602,1530000,22602,0,22603,0,
22603,1,22703,0,22702,1530000,22702,1530000,22702,0,22703,0,
22703,1,22810,24781,22803,535500,22805,535500,22805,0,22810,18,
22810,1,22905,153489,22903,1530000,22904,1530000,22904,0,22905,22,
22905,1,23006,153489,23004,1530000,23005,1530000,23004,0,23006,22,
23006,1,23106,83721,23104,1530000,23105,1530000,23105,0,23105,12,
23106,1,23214,0,23205,510000,23211,510000,23206,0,23214,0,
23214,1,23306,195350,23305,1530000,23305,1530000,23305,0,23306,28,
23306,1,23408,29318,23405,892500,23406,892500,23406,0,23408,10,
23409,1,23513,41677,23507,612000,23510,612000,23509,0,23513,25,
23513,1,23619,14137,23609,510000,23614,510000,23612,0,23619,11,
23619,1,23709,76744,23707,1530000,23708,1530000,23707,0,23709,11,
23709,1,23814,12852,23808,510000,23811,510000,23809,0,23814,10,
23815,1,23914,35381,23910,637500,23911,637500,23911,0,23914,20,
23914,1,24017,44226,24010,637500,24012,637500,24012,0,24016,25,
24017,1,24112,189915,24110,1836000,24111,1836000,24111,0,24112,20,
24112,1,24216,12852,24211,510000,24213,510000,24212,0,24215,10,
24216,1,24312,425963,24311,2193000,24311,2193000,24311,0,24312,33,
24312,1,24412,139765,24411,2295000,24412,2295000,24411,0,24412,10,
24412,1,24512,279531,24511,2295000,24512,2295000,24512,0,24512,20,
24512,1,24613,0,24612,2295000,24612,2295000,24612,0,24613,0,
24613,1,24714,139765,24712,2295000,24713,2295000,24712,0,24714,10,
24714,1,24814,76744,24812,1530000,24813,1530000,24813,0,24814,11,
24814,1,24918,34489,24913,586500,24915,586500,24914,0,24918,22,
24918,1,25014,83721,25013,1530000,25013,1530000,25013,0,25014,12,
25014,1,25119,12852,25114,510000,25116,510000,25115,0,25119,10,
25119,1,25215,258141,25214,1530000,25214,1530000,25214,0,25215,37,
25215,1,25319,348840,25315,1530000,25316,1530000,25315,0,25319,50,
25319,1,25416,208907,25415,1836000,25415,1836000,25415,0,25416,22,
25416,1,25518,30624,25515,918000,25516,918000,25516,0,25518,10,
25518,1,25617,188373,25615,1530000,25616,1530000,25616,0,25617,27,
25617,1,25720,0,25716,637500,25718,637500,25717,0,25720,0,
25720,1,25819,76744,25818,1530000,25818,1530000,25818,0,25819,11,
25819,1,25922,0,25918,586500,25920,586500,25919,0,25922,0,
25922,1,26022,0,26019,637500,26020,637500,26020,0,26022,0,
26022,1,26123,49520,26119,688500,26121,688500,26120,0,26123,25,
26103,1,26223,41220,26220,663000,26221,663000,26220,0,26222,22,
26123,1,26347,53071,26323,637500,26324,637500,26324,0,26340,30,
26223,1,26377,558144,26373,1530000,26374,1530000,26374,0,26376,80,
26347,1,26479,12852,26475,510000,26476,510000,26475,0,26479,10,
26377,1,26579,44226,26575,637500,26577,637500,26576,0,26579,25,
26479,1,26680,42411,26676,510000,26678,510000,26677,0,26680,33,
26579,1,26779,258141,26777,1530000,26778,1530000,26777,0,26779,37,
26681,1,26880,573027,26877,1938000,26878,1938000,26878,0,26880,55,
26779,1,26984,0,26978,510000,26981,510000,26980,0,26983,0,
26880,1,27079,76744,27077,1530000,27078,1530000,27078,0,27079,11,
26984,1,27183,12852,27179,510000,27180,510000,27180,0,27182,10,
27079,1,27286,53071,27279,637500,27283,637500,27280,0,27286,30,
27183,1,27384,621987,27381,1632000,27382,1632000,27382,0,27384,80,
27287,1,27483,774479,27482,2193000,27482,2193000,27482,0,27483,60,
27385,1,27583,754733,27582,2295000,27582,2295000,27582,0,27583,54,
27483,1,27689,39715,27683,561000,27684,561000,27684,0,27689,27,
27583,1,27785,69768,27783,1530000,27784,1530000,27783,0,27785,10,
27689,1,27890,23133,27885,510000,27887,510000,27886,0,27890,18,
27785,1,27991,209303,27988,1530000,27990,1530000,27990,0,27991,30,
27891,1,28088,76744,28087,1530000,28088,1530000,28087,0,28088,11,
27991,1,28192,20563,28188,510000,28189,510000,28189,0,28191,16,
28088,1,28289,0,28288,1530000,28288,1530000,28288,0,28289,0,
28192,1,28390,759663,28388,1836000,28389,1836000,28389,0,28389,80,
28289,1,28490,0,28489,1530000,28489,1530000,28489,0,28490,0,
28390,1,28590,0,28589,1530000,28589,1530000,28589,0,28590,0,
28490,1,28694,0,28690,586500,28691,586500,28691,0,28694,0,
28590,1,28798,0,28790,612000,28792,612000,28791,0,28797,0,
28694,1,28892,230234,28890,1530000,28891,1530000,28891,0,28892,33,
28802,1,29007,306979,28995,1530000,29001,1530000,28998,0,29007,44,
28892,1,29096,76744,29094,1530000,29095,1530000,29095,0,29096,11,
29008,1,29196,69768,29195,1530000,29195,1530000,29195,0,29196,10,
29096,1,29301,58379,29296,637500,29298,637500,29297,0,29301,33,
29197,1,29398,854621,29396,1836000,29397,1836000,29397,0,29398,90,
29301,1,29498,516319,29497,2193000,29497,2193000,29497,0,29498,40,
29398,1,29598,322699,29597,2193000,29597,2193000,29597,0,29598,25,
29498,1,29704,17690,29699,637500,29700,637500,29700,0,29703,10,
29598,1,29800,83721,29799,1530000,29800,1530000,29799,0,29800,12,
29704,1,29905,19459,29900,637500,29903,637500,29901,0,29905,11,
29800,1,30005,25704,30001,510000,30002,510000,30002,0,30005,20,
29905,1,30102,0,30100,1530000,30101,1530000,30101,0,30102,0,
30005,1,30206,0,30201,586500,30203,586500,30202,0,30206,0,
30102,1,30309,19274,30303,535500,30305,535500,30304,0,30309,14,
30206,1,30405,980159,30403,2014500,30403,2014500,30403,0,30405,88,
30309,1,30509,14137,30503,510000,30505,510000,30504,0,30508,11,
30405,1,30610,58005,30604,586500,30606,586500,30605,0,30609,37,
30509,1,30710,44128,30705,561000,30706,561000,30706,0,30709,30,
30610,1,30813,15422,30806,510000,30809,510000,30807,0,30813,12,
30710,1,30907,209303,30906,1530000,30906,1530000,30906,0,30907,30,
30814,1,31014,49563,31007,535500,31009,535500,31007,0,31014,36,
30907,1,31115,32130,31108,510000,31110,510000,31109,0,31115,25,
31014,1,31214,139536,31208,1530000,31208,1530000,31208,0,31214,20,
31115,1,31309,76744,31307,1530000,31308,1530000,31308,0,31309,11,
31215,1,31409,209303,31408,1530000,31408,1530000,31408,0,31409,30,
31309,1,31512,76744,31509,1530000,31510,1530000,31510,0,31511,11,
31409,1,31617,0,31609,510000,31613,510000,31612,0,31617,0,
31512,1,31712,980159,31710,2014500,31711,2014500,31710,0,31712,88,
31618,1,31813,53071,31810,637500,31811,637500,31811,0,31813,30,
31712,1,31915,79607,31911,637500,31912,637500,31912,0,31914,45,
31814,1,32016,41220,32012,663000,32013,663000,32013,0,32015,22,
31915,1,32113,279072,32111,1530000,32112,1530000,32112,0,32113,40,
32016,1,32222,46267,32213,510000,32215,510000,32214,0,32221,36,
32113,1,32335,139536,32313,510000,32327,1530000,32314,0,32333,20,
32222,1,32417,857639,32414,2014500,32415,2014500,32415,0,32417,77,
32337,1,32522,32130,32515,510000,32518,510000,32517,0,32522,25,
32417,1,32624,42411,32616,510000,32618,510000,32617,0,32623,33,
32523,1,32728,0,32716,510000,32721,510000,32718,0,32727,0,
32624,1,32818,534099,32816,1734000,32817,1734000,32817,0,32817,62,
32732,1,32919,93298,32917,1632000,32917,1632000,32917,0,32919,12,
32818,1,33021,33646,33017,867000,33018,867000,33018,0,33021,12,
32919,1,33136,23133,33119,510000,33126,510000,33121,0,33136,18,
33022,1,33220,83721,33218,1530000,33219,1530000,33219,0,33220,12,
33136,1,33324,70762,33320,637500,33322,637500,33321,0,33324,40,
33220,1,33422,473798,33421,1734000,33421,1734000,33421,0,33422,55,
33324,1,33527,25704,33521,510000,33523,510000,33523,0,33527,20,
33422,1,33622,83721,33621,1530000,33622,1530000,33621,0,33622,12,
33527,1,33729,29418,33723,561000,33725,561000,33724,0,33728,20,
33623,1,33832,58379,33824,637500,33826,637500,33825,0,33831,33,
33730,1,33932,21228,33924,637500,33926,637500,33925,0,33931,12,
33832,1,34026,153489,34025,1530000,34025,1530000,34025,0,34026,22,
33932,1,34133,52693,34126,510000,34128,510000,34127,0,34132,41,
34026,1,34231,258141,34226,612000,34227,1530000,34227,0,34230,37,
34134,1,34327,279531,34326,2193000,34327,2295000,34326,0,34327,20,
34231,1,34427,251577,34426,2295000,34427,2295000,34427,0,34427,18,
34327,1,34529,461226,34528,2295000,34528,2295000,34528,0,34529,33,
34428,1,34629,139765,34628,2295000,34628,2295000,34628,0,34629,10,
34529,1,34729,139765,34728,2295000,34729,2295000,34728,0,34729,10,
34629,1,34834,15422,34829,510000,34831,510000,34830,0,34834,12,
34729,1,34934,41677,34930,612000,34932,612000,34931,0,34934,25,
34834,1,35034,21948,35030,586500,35032,586500,35031,0,35034,14,
34934,1,35136,17244,35131,586500,35133,586500,35132,0,35135,11,
35035,1,35233,76744,35232,1530000,35232,1530000,35232,0,35233,11,
35136,1,35340,279072,35337,1530000,35338,1530000,35338,0,35340,40,
35233,1,35438,83721,35437,1530000,35438,1530000,35437,0,35438,12,
35342,1,35545,14137,35539,510000,35542,510000,35541,0,35545,11,
35438,1,35640,76744,35638,1530000,35639,1530000,35638,0,35640,11,
35545,1,35746,19459,35741,637500,35743,637500,35742,0,35746,11,
35640,1,35842,188373,35840,1530000,35841,1530000,35841,0,35842,27,
35747,1,35941,0,35939,1530000,35940,1530000,35940,0,35941,0,
35842,1,36042,188373,36040,1530000,36041,1530000,36040,0,36042,27,
35941,1,36147,16180,36141,561000,36144,561000,36143,0,36146,11,
36042,1,36247,20005,36242,612000,36243,612000,36243,0,36247,12,
36147,1,36345,306979,36342,1530000,36343,1530000,36343,0,36344,44,
36248,1,36444,474789,36442,1836000,36443,1836000,36443,0,36443,50,
36345,1,36548,38919,36543,637500,36545,637500,36544,0,36547,22,
36444,1,36651,0,36645,510000,36647,1530000,36646,0,36650,0,
36548,1,36745,76744,36744,1530000,36744,1530000,36744,0,36745,11,
36651,1,36851,63686,36845,637500,36847,637500,36846,0,36851,36,
36745,1,36962,48837,36946,510000,36952,510000,36950,0,36961,38,
36852,1,37051,44226,37046,637500,37048,637500,37047,0,37050,25,
36962,1,37149,188373,37146,1530000,37147,1530000,37147,0,37149,27,
37051,1,37248,0,37247,1530000,37247,1530000,37247,0,37248,0,
37149,1,37351,348840,37348,1530000,37350,1530000,37349,0,37351,50,
37248,1,37449,903559,37448,2193000,37448,2193000,37448,0,37449,70,
37351,1,37549,349413,37548,2295000,37548,2295000,37548,0,37549,25,
37449,1,37654,0,37650,637500,37652,637500,37651,0,37654,0,
37549,1,37760,14137,37750,510000,37752,510000,37751,0,37759,11,
37654,1,37851,279072,37850,1530000,37850,1530000,37850,0,37851,40,
37761,1,37955,58379,37951,637500,37952,637500,37952,0,37955,33,
37851,1,38054,466490,38051,1632000,38052,1632000,38052,0,38053,60,
37955,1,38153,1229936,38152,2295000,38152,2295000,38152,0,38153,88,
38054,1,38253,94957,38252,1836000,38252,1836000,38252,0,38253,10,
38154,1,38354,258141,38352,1530000,38353,1530000,38353,0,38354,37,
38253,1,38458,28274,38453,510000,38455,510000,38454,0,38458,22,
38354,1,38554,0,38553,1530000,38553,1530000,38553,0,38554,0,
38459,1,38659,35381,38654,637500,38655,637500,38655,0,38659,20,
38554,1,38759,38556,38755,510000,38757,510000,38756,0,38759,30,
38659,1,38860,15422,38855,510000,38857,510000,38856,0,38860,12,
38759,1,38960,72698,38955,739500,38957,739500,38956,0,38958,33,
38860,1,39057,188373,39055,1530000,39056,1530000,39056,0,39057,27,
38961,1,39161,29418,39157,561000,39158,561000,39158,0,39161,20,
39057,1,39265,28274,39259,510000,39261,510000,39260,0,39265,22,
39161,1,39360,613958,39358,1530000,39359,1530000,39359,0,39360,88,
39265,1,39462,53569,39458,841500,39459,841500,39459,0,39461,20,
39360,1,39561,674201,39559,1836000,39560,1836000,39559,0,39561,71,
39464,1,39660,223624,39659,2295000,39659,2295000,39659,0,39660,16,
39561,1,39760,0,39759,2295000,39759,2295000,39759,0,39760,0,
39660,1,39860,0,39859,1938000,39860,1938000,39860,0,39860,0,
39760,1,39961,69768,39960,1530000,39960,1530000,39960,0,39961,10,
39860,1,40064,36675,40061,612000,40062,612000,40061,0,40064,22,
39961,1,40169,42411,40161,510000,40163,510000,40162,0,40167,33,
40064,1,40262,174420,40261,1530000,40261,1530000,40261,0,40262,25,
40171,1,40376,460468,40367,1530000,40370,1530000,40370,0,40373,66,
40262,1,40471,929375,40468,2193000,40469,2193000,40469,0,40471,72,
40377,1,40519,258159,40518,2193000,40518,2193000,40518,0,40519,20,
40471,1,40621,56077,40618,867000,40619,867000,40619,0,40621,20,
40519,1,40724,47031,40719,586500,40721,586500,40721,0,40724,30,
40622,1,40822,230234,40819,1530000,40820,1530000,40820,0,40822,33,
40724,1,40924,23133,40920,510000,40921,510000,40921,0,40923,18,
40822,1,41021,76744,41020,1530000,41020,1530000,41020,0,41021,11,
40924,1,41125,24766,41121,637500,41122,637500,41122,0,41124,14,
41021,1,41230,17244,41221,586500,41223,586500,41222,0,41226,11,
41125,1,41344,58837,41328,561000,41340,561000,41336,0,41343,40,
41230,1,41433,1229936,41428,2295000,41429,2295000,41429,0,41433,88,
41344,1,41529,349413,41528,2295000,41528,2295000,41528,0,41529,25,
41433,1,41634,0,41629,510000,41631,510000,41630,0,41634,0,
41529,1,41730,0,41729,1530000,41729,1530000,41729,0,41730,0,
41635,1,41833,0,41830,637500,41831,637500,41830,0,41833,0,
41730,1,41931,69768,41930,1530000,41930,1530000,41930,0,41931,10,
41833,1,42036,12852,42031,510000,42033,510000,42032,0,42036,10,
41931,1,42132,125582,42131,1530000,42131,1530000,42131,0,42132,18,
42036,1,42235,0,42232,637500,42233,637500,42233,0,42235,0,
42132,1,42340,209303,42334,1530000,42335,1530000,42335,0,42340,30,
42235,1,42436,189915,42434,1836000,42435,1836000,42435,0,42436,20,
42340,1,42541,17690,42536,637500,42538,637500,42537,0,42540,10,
42436,1,42640,17244,42636,586500,42638,586500,42637,0,42640,11,
42541,1,42739,125582,42737,1530000,42738,1530000,42738,0,42739,18,
42640,1,42842,0,42838,510000,42839,510000,42838,0,42842,0,
42739,1,42939,0,42938,1530000,42938,1530000,42938,0,42939,0,
42842,1,43039,0,43038,1530000,43038,1530000,43038,0,43039,0,
42939,1,43144,17244,43139,586500,43140,586500,43140,0,43143,11,
43039,1,43244,23133,43240,510000,43241,510000,43241,0,43244,18,
43144,1,43341,209303,43340,1530000,43340,1530000,43340,0,43341,30,
43244,1,43441,0,43440,1530000,43440,1530000,43440,0,43441,0,
43341,1,43546,0,43541,612000,43542,612000,43541,0,43545,0,
43441,1,43647,0,43641,510000,43643,510000,43642,0,43647,0,
43546,1,43746,12852,43742,510000,43743,510000,43743,0,43745,10,
43647,1,43843,76744,43842,1530000,43842,1530000,43842,0,43843,11,
43746,1,43948,15677,43943,586500,43945,586500,43944,0,43947,10,
43843,1,44050,15677,44045,586500,44047,586500,44046,0,44050,10,
43948,1,44150,15677,44146,586500,44148,586500,44147,0,44150,10,
44050,1,44247,69768,44246,1530000,44247,1530000,44246,0,44247,10,
44152,1,44353,95529,44347,637500,44348,637500,44348,0,44353,54,
44247,1,44452,25704,44448,510000,44449,510000,44449,0,44452,20,
44353,1,44551,44226,44548,637500,44549,637500,44548,0,44550,25,
44453,1,44653,14137,44649,510000,44650,510000,44649,0,44653,11,
44551,1,44753,0,44749,637500,44750,637500,44750,0,44752,0,
44653,1,44854,0,44850,510000,44851,510000,44851,0,44854,0,
44753,1,44956,12852,44951,510000,44953,510000,44952,0,44955,10,
44854,1,45054,19459,45051,637500,45052,637500,45051,0,45054,11,
44956,1,45152,0,45151,1530000,45151,1530000,45151,0,45152,0,
45054,1,45256,0,45252,535500,45253,535500,45253,0,45256,0,
45152,1,45356,306979,45352,1530000,45353,1530000,45353,0,45356,44,
45256,1,45456,14137,45452,510000,45454,510000,45453,0,45456,11,
45356,1,45558,34700,45553,510000,45555,510000,45555,0,45558,27,
45456,1,45658,23133,45654,510000,45655,510000,45655,0,45658,18,
45558,1,45755,76744,45754,1530000,45754,1530000,45754,0,45755,11,
45659,1,45859,28218,45855,586500,45857,586500,45856,0,45859,18,
45755,1,45960,19459,45956,637500,45957,637500,45957,0,45959,11,
45860,1,46060,26476,46057,561000,46058,561000,46057,0,46060,18,
45960,1,46162,14137,46157,510000,46159,510000,46158,0,46161,11,
46061,1,46261,0,46257,510000,46258,510000,46258,0,46261,0,
46162,1,46360,251164,46358,1530000,46359,1530000,46358,0,46360,36,
46261,1,46459,83721,46458,1530000,46458,1530000,46458,0,46459,12,
46360,1,46563,17690,46559,637500,46560,637500,46560,0,46563,10,
46459,1,46664,0,46659,510000,46661,510000,46660,0,46663,0,
46563,1,46760,69768,46759,1530000,46760,1530000,46759,0,46760,10,
46664,1,46864,25704,46860,510000,46862,510000,46861,0,46864,20,
46760,1,46965,34700,46961,510000,46963,510000,46962,0,46965,27,
46865,1,47066,25704,47062,510000,47063,510000,47063,0,47066,20,
46966,1,47171,64276,47163,586500,47164,586500,47164,0,47170,41,
47066,1,47264,342093,47263,1632000,47264,1632000,47263,0,47264,44,
47171,1,47366,348840,47364,1530000,47365,1530000,47365,0,47366,50,
47264,1,47466,0,47464,1530000,47465,1530000,47465,0,47466,0,
47366,1,47570,0,47566,586500,47568,586500,47567,0,47570,0,
47466,1,47672,0,47667,510000,47669,510000,47668,0,47672,0,
47570,1,47770,0,47768,1530000,47768,1530000,47768,0,47770,0,
47672,1,47878,25704,47869,510000,47872,510000,47871,0,47877,20,
47770,1,47970,139536,47968,1530000,47969,1530000,47969,0,47970,20,
47878,1,48074,41303,48069,535500,48071,535500,48070,0,48073,30,
47970,1,48170,153489,48169,1530000,48170,1530000,48169,0,48170,22,
48074,1,48276,11566,48270,510000,48272,510000,48271,0,48275,9,
48171,1,48373,251164,48371,1530000,48372,1530000,48372,0,48373,36,
48276,1,48473,76744,48472,1530000,48472,1530000,48472,0,48473,11,
48373,1,48573,69768,48572,1530000,48572,1530000,48572,0,48573,10,
48473,1,48679,0,48673,535500,48675,535500,48674,0,48679,0,
48573,1,48781,0,48775,510000,48777,510000,48777,0,48781,0,
48680,1,48881,66683,48876,612000,48878,612000,48877,0,48880,40,
48781,1,48978,209303,48976,1530000,48977,1530000,48977,0,48978,30,
48881,1,49086,35381,49078,637500,49081,637500,49079,0,49085,20,
48978,1,49181,25704,49177,510000,49179,510000,49178,0,49181,20,
49086,1,49282,39715,49278,561000,49279,561000,49279,0,49282,27,
49181,1,49381,230234,49379,1530000,49380,1530000,49380,0,49381,33,
49282,1,49483,0,49479,1530000,49480,1530000,49480,0,49482,0,
49381,1,49584,0,49580,510000,49581,510000,49581,0,49584,0,
49483,1,49686,14137,49681,510000,49683,510000,49682,0,49685,11,
49584,1,49783,125582,49782,1530000,49782,1530000,49782,0,49783,18,
49686,1,49885,0,49883,1530000,49884,1530000,49883,0,49885,0,
49783,1,49984,174420,49983,1530000,49983,1530000,49983,0,49984,25,
49885,1,50085,748506,50083,2091000,50084,2091000,50084,0,50084,63,
49984,1,50185,279531,50184,2295000,50184,2295000,50184,0,50185,20,
50085,1,50285,0,50284,2295000,50285,2295000,50285,0,50285,0,
50185,1,50386,139765,50385,2295000,50385,2295000,50385,0,50386,10,
50285,1,50486,0,50485,2295000,50486,2295000,50486,0,50486,0,
50386,1,50587,0,50586,2295000,50586,2295000,50586,0,50587,0,
50487,1,50687,0,50686,2295000,50687,2295000,50686,0,50687,0,
50587,1,50793,11566,50788,510000,50791,510000,50790,0,50793,9,
50687,1,50892,35381,50888,637500,50889,637500,50889,0,50891,20,
50794,1,50989,139536,50988,1530000,50989,1530000,50988,0,50989,20,
50892,1,51092,42328,51089,586500,51090,586500,51090,0,51092,27,
50989,1,51194,23133,51190,510000,51192,510000,51191,0,51194,18,
51092,1,51291,153489,51290,1530000,51290,1530000,51290,0,51291,22,
51194,1,51391,139536,51390,1530000,51391,1530000,51390,0,51391,20,
51291,1,51497,32360,51492,561000,51494,561000,51493,0,51496,22,
51391,1,51599,23133,51594,510000,51595,510000,51595,0,51599,18,
51497,1,51695,0,51694,1530000,51694,1530000,51694,0,51695,0,
51600,1,51800,25704,51795,510000,51797,510000,51796,0,51800,20,
51695,1,51905,25704,51898,510000,51900,510000,51900,0,51904,20,
51800,1,52009,58379,52001,637500,52004,637500,52002,0,52008,33,
51905,1,52053,418607,52051,1530000,52052,1530000,52052,0,52053,60,
52009,1,52158,12852,52153,510000,52155,510000,52154,0,52158,10,
52054,1,52252,139536,52251,1530000,52251,1530000,52251,0,52252,20,
52158,1,52353,313955,52351,1530000,52352,1530000,52352,0,52353,45,
52252,1,52462,0,52452,510000,52455,510000,52454,0,52461,0,
52353,1,52556,13767,52552,535500,52554,535500,52553,0,52556,10,
52462,1,52659,0,52653,561000,52654,561000,52654,0,52659,0,
52558,1,52758,36773,52754,561000,52755,561000,52755,0,52758,25,
52659,1,52860,0,52854,510000,52856,510000,52855,0,52860,0,
52759,1,52962,30288,52956,510000,52959,535500,52958,0,52962,22,
52861,1,53060,38556,53055,535500,53057,510000,53056,0,53060,30,
52962,1,53156,125582,53155,1530000,53156,1530000,53155,0,53156,18,
53060,1,53260,47764,53256,637500,53258,637500,53257,0,53260,27,
53156,1,53359,251164,53356,1530000,53357,1530000,53357,0,53358,36,
53260,1,53458,69768,53456,1530000,53457,1530000,53457,0,53458,10,
53359,1,53558,139536,53557,1530000,53557,1530000,53557,0,53558,20,
53458,1,53658,69768,53657,1530000,53657,1530000,53657,0,53658,10,
53558,1,53761,0,53758,561000,53759,561000,53759,0,53761,0,
53658,1,53860,0,53858,1530000,53859,1530000,53859,0,53860,0,
53762,1,53962,12852,53958,510000,53960,510000,53959,0,53962,10,
53860,1,54062,0,54059,637500,54060,637500,54060,0,54062,0,
53962,1,54163,0,54159,637500,54161,637500,54160,0,54163,0,
54062,1,54262,69768,54260,1530000,54261,1530000,54260,0,54262,10,
54163,1,54365,0,54360,637500,54362,637500,54361,0,54364,0,
54262,1,54466,0,54461,510000,54462,510000,54461,0,54466,0,
54365,1,54566,29418,54562,561000,54564,561000,54563,0,54566,20,
54466,1,54664,125582,54662,1530000,54663,1530000,54663,0,54664,18,
54566,1,54768,23133,54763,510000,54765,510000,54764,0,54767,18,
54664,1,54871,14137,54864,510000,54866,510000,54865,0,54871,11,
54768,1,54966,0,54964,1530000,54965,1530000,54965,0,54966,0,
54871,1,55070,14137,55065,510000,55067,510000,55066,0,55069,11,
54966,1,55171,344580,55169,1734000,55170,1734000,55170,0,55171,40,
55070,1,55274,0,55269,510000,55271,510000,55270,0,55273,0,
55171,1,55373,306979,55371,1530000,55372,1530000,55371,0,55373,44,
55274,1,55472,0,55471,1836000,55471,1836000,55471,0,55472,0,
55373,1,55573,77317,55571,1224000,55572,1224000,55572,0,55573,16,
55472,1,55677,33341,55673,612000,55674,612000,55673,0,55677,20,
55573,1,55778,42411,55773,510000,55775,510000,55774,0,55778,33,
55677,1,55880,12852,55874,510000,55876,510000,55875,0,55880,10,
55778,1,55979,31354,55975,586500,55977,586500,55976,0,55979,20,
55880,1,56080,51408,56076,510000,56078,510000,56077,0,56080,40,
55979,1,56181,47764,56177,637500,56179,637500,56178,0,56181,27,
56080,1,56278,286048,56276,1530000,56277,1530000,56277,0,56278,41,
56181,1,56380,306979,56378,1530000,56379,1530000,56379,0,56380,44,
56278,1,56481,125582,56479,1530000,56480,1530000,56479,0,56481,18,
56380,1,56583,0,56579,510000,56580,510000,56580,0,56583,0,
56481,1,56680,0,56679,1530000,56680,1530000,56679,0,56680,0,
56583,1,56783,0,56780,637500,56781,637500,56781,0,56783,0,
56680,1,56884,0,56880,586500,56882,586500,56881,0,56884,0,
56784,1,56990,25704,56981,510000,56983,510000,56982,0,56987,20,
56884,1,57085,230234,57084,1530000,57084,1530000,57084,0,57085,33,
56990,1,57186,188373,57184,1530000,57185,1530000,57185,0,57186,27,
57085,1,57291,42411,57286,510000,57288,510000,57287,0,57291,33,
57186,1,57389,174420,57387,1530000,57388,1530000,57387,0,57388,25,
57291,1,57500,23133,57488,510000,57490,510000,57489,0,57499,18,
57389,1,57589,209303,57588,1530000,57588,1530000,57588,0,57589,30,
57501,1,57693,14137,57689,510000,57691,510000,57690,0,57693,11,
57589,1,57791,188373,57789,1530000,57790,1530000,57790,0,57790,27,
57693,1,57895,0,57890,510000,57893,510000,57891,0,57895,0,
57791,1,57991,0,57990,1530000,57990,1530000,57990,0,57991,0,
57895,1,58092,76744,58090,1530000,58091,1530000,58091,0,58092,11,
57991,1,58196,12852,58192,510000,58193,510000,58193,0,58196,10,
58092,1,58297,34700,58292,510000,58294,510000,58293,0,58296,27,
58196,1,58393,209303,58392,1530000,58393,1530000,58392,0,58393,30,
58297,1,58500,12852,58493,510000,58495,510000,58494,0,58500,10,
58393,1,58597,62584,58594,765000,58595,765000,58594,0,58596,27,
58501,1,58699,15677,58695,586500,58696,586500,58696,0,58699,10,
58597,1,58797,69768,58795,1530000,58796,1530000,58795,0,58797,10,
58699,1,58901,17690,58896,510000,58898,637500,58897,0,58901,10,
58797,1,59000,41811,58997,714000,58998,714000,58998,0,59000,20,
58901,1,59098,258141,59097,1530000,59097,1530000,59097,0,59098,37,
59002,1,59202,15921,59198,637500,59199,637500,59199,0,59202,9,
59098,1,59302,27731,59298,688500,59299,688500,59299,0,59302,14,
59204,1,59399,209303,59398,1530000,59399,1530000,59398,0,59399,30,
59303,1,59500,0,59498,1530000,59499,1530000,59499,0,59500,0,
59400,1,59604,0,59599,637500,59601,637500,59600,0,59603,0,
59500,1,59707,12852,59700,510000,59703,510000,59701,0,59706,10,
59604,1,59801,69768,59800,1530000,59800,1530000,59800,0,59801,10,
59707,1,59907,24781,59902,535500,59904,535500,59903,0,59906,18,
59801,1,60008,34700,60003,510000,60004,510000,60004,0,60007,27,
59907,1,60105,69768,60102,1530000,60104,1530000,60103,0,60105,10,
60008,1,60208,53071,60204,637500,60205,637500,60205,0,60208,30,
60105,1,60309,37172,60305,535500,60307,535500,60306,0,60309,27,
60208,1,60406,432561,60404,1530000,60405,1530000,60405,0,60406,62,
60309,1,60510,23133,60506,510000,60508,510000,60507,0,60510,18,
60406,1,60607,76744,60605,1530000,60606,1530000,60605,0,60607,11,
60511,1,60711,28218,60706,586500,60708,586500,60707,0,60711,18,
60607,1,60807,125582,60806,1530000,60807,1530000,60806,0,60807,18,
60711,1,60907,139765,60906,2295000,60907,2295000,60906,0,60907,10,
60808,1,61013,12852,61008,510000,61010,510000,61009,0,61013,10,
60907,1,61109,209303,61108,1530000,61108,1530000,61108,0,61109,30,
61013,1,61213,0,61209,637500,61210,637500,61210,0,61212,0,
61109,1,61314,0,61309,510000,61311,510000,61310,0,61313,0,
61213,1,61411,209303,61409,1530000,61410,1530000,61409,0,61411,30,
61314,1,61514,0,61510,510000,61512,510000,61511,0,61514,0,
61411,1,61611,0,61610,1530000,61610,1530000,61610,0,61611,0,
61515,1,61715,0,61711,510000,61712,510000,61712,0,61715,0,
61611,1,61816,17244,61812,586500,61813,586500,61813,0,61816,11,
61715,1,61915,759663,61913,1836000,61913,1836000,61913,0,61915,80,
61816,1,62013,461226,62012,2295000,62012,2295000,62012,0,62013,33,
61915,1,62114,0,62112,1530000,62113,1530000,62113,0,62114,0,
62013,1,62216,29463,62213,841500,62214,841500,62214,0,62216,11,
62114,1,62318,174420,62313,1530000,62314,1530000,62313,0,62314,25,
62216,1,62415,306979,62414,1530000,62414,1530000,62414,0,62415,44,
62318,1,62515,419841,62514,1632000,62514,1632000,62514,0,62515,54,
62415,1,62622,32130,62615,510000,62618,510000,62616,0,62621,25,
62515,1,62716,76744,62715,1530000,62715,1530000,62715,0,62716,11,
62622,1,62824,26476,62816,561000,62819,561000,62817,0,62824,18,
62716,1,62926,0,62918,510000,62920,510000,62919,0,62926,0,
62824,1,63023,19459,63019,637500,63021,637500,63020,0,63023,11,
62927,1,63120,208907,63119,1836000,63119,1836000,63119,0,63120,22,
63023,1,63225,0,63220,510000,63222,510000,63221,0,63224,0,
63120,1,63346,57834,63323,510000,63325,510000,63324,0,63340,45,
63225,1,63422,83721,63421,1530000,63421,1530000,63421,0,63422,12,
63346,1,63527,28274,63522,510000,63524,510000,63523,0,63526,22,
63422,1,63628,45433,63623,535500,63625,535500,63624,0,63627,33,
63527,1,63724,104453,63723,1836000,63723,1836000,63723,0,63724,11,
63630,1,63829,29559,63825,510000,63826,510000,63825,0,63829,23,
63724,1,63930,41303,63926,535500,63927,535500,63927,0,63929,30,
63829,1,64031,17651,64026,561000,64028,561000,64027,0,64030,12,
63930,1,64132,31354,64127,586500,64129,586500,64128,0,64131,20,
64031,1,64233,0,64228,510000,64230,510000,64229,0,64233,0,
64132,1,64336,30288,64332,535500,64333,535500,64333,0,64336,22,
64233,1,64431,76744,64430,1530000,64430,1530000,64430,0,64431,11,
64336,1,64537,0,64532,510000,64534,510000,64533,0,64537,0,
64431,1,64638,31354,64633,586500,64634,586500,64634,0,64638,20,
64537,1,64734,83721,64732,1530000,64733,1530000,64733,0,64734,12,
64638,1,64834,76744,64833,1530000,64833,1530000,64833,0,64834,11,
64734,1,64940,16670,64934,612000,64935,612000,64935,0,64939,10,
64834,1,65040,42411,65034,510000,65036,510000,65035,0,65039,33,
64940,1,65138,21228,65135,637500,65136,637500,65135,0,65138,12,
65040,1,65236,125582,65234,1530000,65235,1530000,65235,0,65236,18,
65138,1,65339,209303,65336,561000,65337,1530000,65337,0,65339,30,
65236,1,65437,139536,65435,1530000,65436,1530000,65436,0,65437,20,
65339,1,65493,51408,65487,510000,65489,510000,65488,0,65492,40,
65438,1,65587,69768,65586,1530000,65586,1530000,65586,0,65587,10,
65493,1,65690,16670,65687,612000,65688,612000,65688,0,65690,10,
65587,1,65790,69768,65788,1530000,65789,1530000,65789,0,65790,10,
65691,1,65891,0,65888,637500,65889,637500,65889,0,65891,0,
65790,1,66000,0,65990,510000,65992,510000,65991,0,65995,0,
65891,1,66091,348840,66089,1530000,66089,1530000,66089,0,66090,50,
66000,1,66193,12852,66189,510000,66191,510000,66190,0,66193,10,
66091,1,66294,34700,66290,510000,66292,510000,66291,0,66294,27,
66193,1,66391,230234,66390,1530000,66390,1530000,66390,0,66391,33,
66294,1,66495,18337,66491,612000,66492,612000,66492,0,66495,11,
66391,1,66599,23133,66592,510000,66594,510000,66593,0,66598,18,
66495,1,66694,0,66693,1530000,66693,1530000,66693,0,66694,0,
66599,1,66798,14137,66794,510000,66795,510000,66795,0,66798,11,
66694,1,66895,230234,66894,1530000,66895,1530000,66894,0,66895,33,
66798,1,67000,23133,66996,510000,66997,510000,66997,0,67000,18,
66895,1,67103,56548,67096,510000,67099,510000,67098,0,67102,44,
67000,1,67198,69768,67196,1530000,67197,1530000,67196,0,67198,10,
67103,1,67301,17690,67297,637500,67299,637500,67298,0,67301,10,
67198,1,67399,209303,67397,1530000,67398,1530000,67397,0,67398,30,
67301,1,67503,0,67499,510000,67500,510000,67500,0,67503,0,
67399,1,67602,57834,67598,510000,67600,510000,67599,0,67602,45,
67503,1,67701,348840,67699,1530000,67700,1530000,67699,0,67701,50,
67602,1,67804,13767,67799,535500,67801,535500,67800,0,67803,10,
67701,1,67905,14137,67900,510000,67902,510000,67901,0,67904,11,
67804,1,68004,0,68001,561000,68002,561000,68001,0,68004,0,
67905,1,68104,77351,68101,714000,68102,714000,68102,0,68104,37,
68004,1,68208,0,68202,510000,68204,510000,68203,0,68207,0,
68104,1,68303,209303,68302,1530000,68302,1530000,68302,0,68303,30,
68208,1,68404,125582,68402,1530000,68403,1530000,68403,0,68404,18,
68303,1,68507,13767,68503,535500,68505,535500,68504,0,68507,10,
68404,1,68605,76744,68604,1530000,68604,1530000,68604,0,68605,11,
68508,1,68717,12852,68704,510000,68706,510000,68705,0,68717,10,
68605,1,68806,286048,68805,1530000,68805,1530000,68805,0,68806,41,
68717,1,68911,25704,68906,510000,68908,510000,68907,0,68911,20,
68806,1,69017,15422,69006,510000,69008,510000,69008,0,69016,12,
68911,1,69111,77838,69107,637500,69108,637500,69108,0,69111,44,
69018,1,69215,19459,69210,637500,69212,637500,69211,0,69215,11,
69112,1,69336,28274,69310,510000,69312,510000,69311,0,69335,22,
69215,1,69414,92718,69410,765000,69411,765000,69411,0,69413,40,
69336,1,69515,12852,69510,510000,69512,510000,69512,0,69515,10,
69414,1,69616,14709,69611,561000,69613,561000,69612,0,69615,10,
69515,1,69716,0,69712,535500,69713,535500,69713,0,69716,0,
69616,1,69818,12852,69813,510000,69815,510000,69814,0,69818,10,
69717,1,69914,76744,69913,1530000,69913,1530000,69913,0,69914,11,
69818,1,70024,48541,70014,561000,70018,561000,70015,0,70023,33,
69915,1,70118,93681,70114,663000,70116,663000,70115,0,70117,50,
70024,1,70221,42411,70215,510000,70217,510000,70216,0,70221,33,
70118,1,70339,42411,70325,510000,70331,510000,70326,0,70339,33,
70222,1,70417,83721,70415,1530000,70416,1530000,70416,0,70417,12,
70339,1,70521,14137,70517,510000,70518,510000,70517,0,70521,11,
70417,1,70621,14137,70617,510000,70619,510000,70618,0,70621,11,
70521,1,70723,25704,70718,510000,70720,510000,70719,0,70722,20,
70621,1,70818,153489,70817,1530000,70818,1530000,70818,0,70818,22,
70723,1,70922,25704,70918,510000,70920,510000,70919,0,70922,20,
70819,1,71023,32360,71019,561000,71020,561000,71020,0,71022,22,
70922,1,71124,38556,71120,510000,71121,510000,71121,0,71124,30,
71023,1,71224,20005,71220,612000,71222,612000,71221,0,71224,12,
71124,1,71322,209303,71321,1530000,71322,1530000,71321,0,71322,30,
71224,1,71422,0,71421,2295000,71422,2295000,71421,0,71422,0,
71323,1,71523,125788,71521,2295000,71522,2295000,71522,0,71522,9,
71422,1,71623,139765,71622,2295000,71622,2295000,71622,0,71623,10,
71523,1,71728,28274,71723,510000,71725,510000,71724,0,71728,22,
71623,1,71828,0,71823,510000,71825,510000,71824,0,71827,0,
71728,1,71928,17244,71924,586500,71925,586500,71925,0,71928,11,
71828,1,72030,0,72025,510000,72027,510000,72026,0,72029,0,
71928,1,72131,14137,72126,510000,72128,510000,72127,0,72131,11,
72030,1,72230,19459,72226,637500,72227,637500,72227,0,72229,11,
72131,1,72334,66192,72328,561000,72331,561000,72330,0,72333,45,
72230,1,72429,83721,72428,1530000,72428,1530000,72428,0,72429,12,
72334,1,72535,14137,72529,510000,72531,510000,72530,0,72534,11,
72429,1,72631,125582,72629,1530000,72630,1530000,72630,0,72631,18,
72536,1,72734,14137,72730,510000,72732,510000,72731,0,72734,11,
72631,1,72835,29418,72831,561000,72832,561000,72832,0,72835,20,
72734,1,72939,25704,72932,510000,72933,510000,72933,0,72938,20,
72835,1,73033,125582,73031,1530000,73032,1530000,73032,0,73033,18,
72939,1,73133,209303,73132,1530000,73133,1530000,73132,0,73133,30,
73033,1,73234,139536,73232,1530000,73233,1530000,73233,0,73234,20,
73133,1,73342,209303,73337,561000,73340,1530000,73339,0,73342,30,
73234,1,73441,0,73437,510000,73439,510000,73438,0,73441,0,
73342,1,73543,0,73538,510000,73540,510000,73540,0,73543,0,
73441,1,73639,209303,73638,1530000,73639,1530000,73638,0,73639,30,
73543,1,73743,17690,73740,637500,73741,637500,73741,0,73743,10,
73639,1,73844,25704,73840,510000,73842,510000,73841,0,73844,20,
73744,1,73945,25704,73940,510000,73942,510000,73941,0,73945,20,
73845,1,74044,47764,74041,637500,74042,637500,74042,0,74044,27,
73945,1,74146,0,74142,510000,74143,510000,74143,0,74145,0,
74045,1,74243,0,74241,1530000,74242,1530000,74242,0,74243,0,
74146,1,74345,153489,74342,1530000,74343,1530000,74343,0,74344,22,
74243,1,74445,69768,74443,1530000,74444,1530000,74443,0,74445,10,
74345,1,74547,0,74543,510000,74544,510000,74544,0,74547,0,
74445,1,74648,31843,74644,637500,74646,637500,74645,0,74648,18,
74547,1,74749,12852,74745,510000,74746,510000,74745,0,74749,10,
74648,1,74849,14137,74845,510000,74847,510000,74846,0,74849,11,
74749,1,74949,36675,74945,612000,74947,612000,74946,0,74949,22,
74849,1,75047,83721,75045,1530000,75046,1530000,75046,0,75047,12,
74949,1,75154,14709,75147,561000,75150,561000,75149,0,75153,10,
75047,1,75253,52693,75247,510000,75249,510000,75248,0,75252,41,
75154,1,75348,251164,75347,1530000,75347,1530000,75347,0,75348,36,
75253,1,75448,0,75447,1530000,75447,1530000,75447,0,75448,0,
75348,1,75552,25704,75548,510000,75549,510000,75549,0,75552,20,
75448,1,75649,188373,75648,1530000,75648,1530000,75648,0,75649,27,
75552,1,75753,14137,75748,510000,75750,510000,75750,0,75753,11,
75649,1,75850,125582,75848,1530000,75849,1530000,75849,0,75850,18,
75754,1,75953,16180,75949,561000,75951,561000,75950,0,75953,11,
75850,1,76050,174420,76049,1530000,76050,1530000,76049,0,76050,25,
75953,1,76153,17690,76150,637500,76151,637500,76151,0,76153,10,
76050,1,76256,14137,76251,510000,76252,510000,76252,0,76255,11,
76153,1,76353,488375,76351,1530000,76352,1530000,76351,0,76353,70,
76256,1,76456,0,76451,510000,76454,510000,76452,0,76456,0,
76353,1,76556,38919,76552,637500,76553,637500,76553,0,76556,22,
76456,1,76658,32130,76653,510000,76654,510000,76654,0,76657,25,
76556,1,76760,28274,76754,510000,76755,510000,76755,0,76760,22,
76658,1,76859,16521,76855,535500,76857,535500,76856,0,76859,12,
76760,1,76959,188373,76956,510000,76957,1530000,76957,0,76959,27,
76859,1,77058,76744,77056,1530000,77057,1530000,77056,0,77057,11,
76959,1,77158,76744,77157,1530000,77157,1530000,77157,0,77158,11,
77058,1,77261,19459,77258,637500,77259,637500,77258,0,77261,11,
77158,1,77360,313955,77358,1530000,77359,1530000,77358,0,77360,45,
77261,1,77463,23133,77458,510000,77460,510000,77459,0,77463,18,
77360,1,77560,153489,77558,1530000,77559,1530000,77558,0,77559,22,
77463,1,77663,14137,77659,510000,77661,510000,77660,0,77663,11,
77560,1,77764,23133,77760,510000,77761,510000,77761,0,77764,18,
77664,1,77867,25704,77860,510000,77862,510000,77861,0,77865,20,
77764,1,77965,70762,77961,637500,77963,637500,77962,0,77965,40,
77867,1,78062,209303,78061,1530000,78061,1530000,78061,0,78062,30,
77966,1,78166,35381,78161,637500,78163,637500,78162,0,78166,20,
78062,1,78266,0,78262,663000,78263,663000,78263,0,78265,0,
78166,1,78365,251164,78363,1530000,78364,1530000,78364,0,78365,36,
78266,1,78469,14137,78463,510000,78465,510000,78464,0,78469,11,
78365,1,78571,12852,78565,510000,78566,510000,78565,0,78571,10,
78469,1,78672,21948,78665,586500,78667,586500,78666,0,78671,14,
78571,1,78772,44226,78767,637500,78768,637500,78767,0,78771,25,
78672,1,78872,18337,78868,612000,78869,612000,78869,0,78872,11,
78772,1,78974,16670,78968,612000,78970,612000,78969,0,78973,10,
78872,1,79073,38919,79069,637500,79071,637500,79070,0,79073,22,
78974,1,79174,15677,79170,586500,79171,586500,79171,0,79174,10,
79073,1,79275,23133,79270,510000,79272,510000,79271,0,79275,18,
79174,1,79372,139536,79370,1530000,79371,1530000,79370,0,79371,20,
79275,1,79472,0,79471,1530000,79471,1530000,79471,0,79472,0,
79372,1,79576,0,79572,586500,79573,586500,79572,0,79575,0,
79472,1,79674,139536,79672,1530000,79673,1530000,79672,0,79674,20,
79576,1,79783,30007,79775,510000,79778,612000,79776,0,79781,18,
79674,1,79874,113949,79873,1836000,79874,1836000,79873,0,79874,12,
79784,1,79978,230234,79975,1530000,79976,1530000,79976,0,79977,33,
79874,1,80077,348840,80074,1530000,80075,1530000,80075,0,80077,50,
79978,1,80176,1135903,80175,2193000,80175,2193000,80175,0,80176,88,
80078,1,80276,279531,80275,2295000,80275,2295000,80275,0,80276,20,
80176,1,80377,286048,80375,1530000,80376,1530000,80376,0,80377,41,
80276,1,80477,125582,80475,1530000,80476,1530000,80476,0,80477,18,
80377,1,80577,62791,80576,1530000,80576,1530000,80576,0,80577,9,
80477,1,80680,35381,80677,637500,80678,637500,80678,0,80680,20,
80577,1,80782,12852,80777,510000,80779,510000,80778,0,80782,10,
80681,1,80881,19459,80878,637500,80879,637500,80879,0,80881,11,
80782,1,80983,34700,80979,510000,80980,510000,80980,0,80983,27,
80882,1,81099,84656,81082,586500,81086,586500,81084,0,81098,54,
80983,1,81183,0,81181,1530000,81182,1530000,81182,0,81183,0,
81100,1,81287,14137,81283,510000,81284,510000,81284,0,81287,11,
81183,1,81384,230234,81383,1530000,81383,1530000,81383,0,81384,33,
81287,1,81488,23133,81484,510000,81485,510000,81485,0,81488,18,
81384,1,81585,0,81584,1530000,81584,1530000,81584,0,81585,0,
81488,1,81686,139536,81684,1530000,81685,1530000,81685,0,81686,20,
81585,1,81786,230234,81785,1530000,81785,1530000,81785,0,81786,33,
81686,1,81887,0,81885,1530000,81886,1530000,81886,0,81887,0,
81786,1,81991,0,81986,510000,81988,510000,81988,0,81991,0,
81887,1,82096,65455,82088,637500,82090,637500,82090,0,82095,37,
81991,1,82188,0,82187,1836000,82187,1836000,82187,0,82188,0,
82096,1,82289,0,82287,2295000,82288,2295000,82288,0,82289,0,
82188,1,82389,139765,82387,2295000,82388,2295000,82388,0,82389,10,
82289,1,82492,12852,82488,510000,82490,510000,82489,0,82492,10,
82389,1,82593,23133,82589,510000,82590,510000,82590,0,82593,18,
82493,1,82647,51408,82641,510000,82643,510000,82642,0,82647,40,
82593,1,82741,139536,82739,1530000,82740,1530000,82740,0,82741,20,
82647,1,82844,13767,82840,535500,82842,535500,82841,0,82844,10,
82741,1,82946,38556,82941,510000,82943,510000,82942,0,82945,30,
82845,1,83045,31843,83041,637500,83043,637500,83042,0,83045,18,
82946,1,83146,42411,83142,510000,83143,510000,83143,0,83146,33,
83045,1,83248,34419,83243,535500,83244,535500,83244,0,83247,25,
83146,1,83355,230234,83343,1530000,83344,1530000,83344,0,83354,33,
83248,1,83450,38556,83445,510000,83446,510000,83446,0,83450,30,
83355,1,83551,14137,83545,510000,83547,510000,83546,0,83551,11,
83450,1,83652,0,83647,510000,83649,510000,83649,0,83652,0,
83551,1,83752,31354,83748,586500,83750,586500,83749,0,83752,20,
83652,1,83853,27535,83849,637500,83851,535500,83850,0,83853,20,
83752,1,83954,37172,83949,535500,83951,535500,83950,0,83953,27,
83854,1,84054,45433,84049,535500,84051,535500,84050,0,84053,33,
83954,1,84154,23133,84150,510000,84152,510000,84151,0,84154,18,
84054,1,84254,70762,84250,637500,84252,637500,84251,0,84254,40,
84154,1,84353,348840,84351,1530000,84352,1530000,84351,0,84353,50,
84254,1,84453,172231,84451,1122000,84452,1122000,84452,0,84453,41,
84353,1,84553,49549,84551,1326000,84552,1326000,84552,0,84553,9,
84453,1,84656,28274,84652,510000,84654,510000,84653,0,84656,22,
84553,1,84758,44128,84753,561000,84754,561000,84754,0,84757,30,
84657,1,84858,23133,84853,510000,84855,510000,84854,0,84858,18,
84758,1,84954,0,84953,1530000,84953,1530000,84953,0,84954,0,
84858,1,85058,0,85054,535500,85056,535500,85055,0,85058,0,
84954,1,85160,34700,85155,510000,85157,510000,85156,0,85159,27,
85058,1,85259,56437,85255,586500,85257,586500,85257,0,85259,36,
85160,1,85358,404654,85355,1530000,85356,1530000,85356,0,85358,58,
85260,1,85457,76744,85455,1530000,85456,1530000,85456,0,85457,11,
85358,1,85560,15921,85556,637500,85558,637500,85557,0,85560,9,
85457,1,85663,12852,85657,510000,85660,510000,85659,0,85663,10,
85560,1,85761,55013,85757,612000,85759,612000,85758,0,85761,33,
85664,1,85862,14137,85858,510000,85859,510000,85859,0,85862,11,
85761,1,85962,13767,85958,535500,85960,535500,85959,0,85962,10,
85862,1,86063,0,86059,510000,86060,510000,86060,0,86063,0,
85962,1,86161,76744,86160,1530000,86160,1530000,86160,0,86161,11,
86063,1,86264,15921,86260,637500,86262,637500,86261,0,86264,9,
86092,1,86363,306979,86361,1530000,86361,1530000,86361,0,86363,44,
86161,1,86467,11566,86462,510000,86464,510000,86463,0,86466,9,
86264,1,86563,251164,86562,1530000,86562,1530000,86562,0,86563,36,
86363,1,86668,34700,86663,510000,86665,510000,86664,0,86667,27,
86467,1,86768,38556,86764,510000,86765,510000,86765,0,86768,30,
86564,1,86869,25704,86864,510000,86866,510000,86865,0,86869,20,
86668,1,86965,0,86964,1530000,86964,1530000,86964,0,86965,0,
86768,1,87066,0,87065,1530000,87065,1530000,87065,0,87066,0,
86870,1,87170,15677,87166,510000,87168,586500,87167,0,87170,10,
86965,1,87275,23133,87266,510000,87271,510000,87270,0,87274,18,
87066,1,87372,153489,87370,1530000,87371,1530000,87371,0,87372,22,
87170,1,87472,85462,87471,1836000,87471,1836000,87471,0,87472,9,
87276,1,87575,0,87571,510000,87573,510000,87572,0,87575,0,
87372,1,87677,23133,87672,510000,87674,510000,87673,0,87676,18,
87472,1,87778,28218,87773,586500,87775,586500,87774,0,87777,18,
87576,1,87874,306979,87873,1530000,87874,1530000,87873,0,87874,44,
87677,1,87976,0,87974,867000,87974,867000,87974,0,87976,0,
87778,1,88080,23133,88075,510000,88077,510000,88076,0,88080,18,
87874,1,88177,139536,88175,1530000,88176,1530000,88175,0,88177,20,
87976,1,88282,32130,88277,510000,88279,510000,88278,0,88282,25,
88080,1,88380,279072,88377,1530000,88378,1530000,88378,0,88380,40,
88177,1,88483,0,88479,510000,88481,510000,88480,0,88483,0,
88282,1,88584,0,88580,510000,88581,510000,88581,0,88584,0,
88380,1,88684,17690,88680,637500,88681,637500,88681,0,88683,10,
88483,1,88782,0,88781,1530000,88781,1530000,88781,0,88782,0,
88584,1,88885,0,88881,510000,88882,510000,88882,0,88885,0,
88684,1,88982,0,88981,1530000,88982,1530000,88981,0,88982,0,
88782,1,89087,0,89082,510000,89084,510000,89083,0,89086,0,
88885,1,89186,14137,89182,510000,89184,510000,89183,0,89186,11,
88983,1,89287,25704,89283,510000,89284,510000,89284,0,89287,20,
89087,1,89385,306979,89383,1530000,89384,1530000,89384,0,89385,44,
89186,1,89485,86145,89483,1734000,89484,1734000,89484,0,89485,10,
89287,1,89585,125582,89584,1530000,89584,1530000,89584,0,89585,18,
89385,1,89688,19459,89685,637500,89686,637500,89685,0,89688,11,
89485,1,89789,18812,89785,586500,89786,586500,89786,0,89788,12,
89585,1,89892,23133,89886,510000,89887,510000,89887,0,89892,18,
89688,1,89987,153489,89985,1530000,89986,1530000,89986,0,89987,22,
89789,1,90090,0,90086,637500,90088,637500,90087,0,90090,0,
89892,1,90192,23133,90187,510000,90189,510000,90188,0,90191,18,
89987,1,90294,34700,90288,510000,90290,510000,90289,0,90293,27,
90090,1,90390,348840,90389,1530000,90390,1530000,90389,0,90390,50,
90192,1,90495,0,90491,586500,90492,586500,90492,0,90495,0,
90294,1,90596,12852,90592,510000,90593,510000,90593,0,90596,10,
90390,1,90697,52953,90693,561000,90695,561000,90694,0,90697,36,
90495,1,90799,27535,90794,535500,90795,535500,90795,0,90799,20,
90596,1,90898,35381,90894,637500,90896,637500,90895,0,90898,20,
90697,1,91002,25704,90996,510000,90997,510000,90996,0,91000,20,
90799,1,91102,50588,91097,663000,91099,663000,91099,0,91102,27,
90898,1,91202,14137,91198,510000,91199,510000,91198,0,91202,11,
91002,1,91300,76744,91298,1530000,91298,1530000,91298,0,91300,11,
91102,1,91399,174420,91398,1530000,91398,1530000,91398,0,91399,25,
91202,1,91502,26790,91499,790500,91500,790500,91500,0,91502,11,
91300,1,91607,14137,91601,510000,91603,510000,91602,0,91606,11,
91399,1,91705,28305,91702,637500,91703,637500,91703,0,91705,16,
91502,1,91803,174420,91802,1530000,91803,1530000,91802,0,91803,25,
91608,1,91910,125582,91907,1530000,91908,1530000,91908,0,91910,18,
91705,1,92013,25704,92009,510000,92010,510000,92010,0,92012,20,
91804,1,92113,28274,92108,510000,92110,510000,92110,0,92113,22,
91910,1,92212,0,92209,510000,92210,510000,92210,0,92212,0,
92013,1,92313,0,92309,510000,92311,510000,92310,0,92313,0,
92114,1,92411,313955,92409,1530000,92410,1530000,92409,0,92411,45,
92213,1,92513,348840,92510,1530000,92511,1530000,92511,0,92512,50,
92313,1,92613,729308,92611,1938000,92612,1938000,92611,0,92613,70,
92411,1,92713,377366,92711,2295000,92712,2295000,92712,0,92713,27,
92513,1,92812,768710,92811,2295000,92812,2295000,92812,0,92812,55,
92613,1,92913,1257889,92912,2295000,92912,2295000,92912,0,92913,90,
92713,1,93013,1397655,93012,2295000,93012,2295000,93012,0,93013,100,
92813,1,93113,1257889,93112,2295000,93113,2295000,93112,0,93113,90,
92913,1,93214,279531,93212,2295000,93213,2295000,93213,0,93213,20,
93013,1,93314,419296,93313,2295000,93313,2295000,93313,0,93314,30,
93113,1,93415,1118124,93413,2295000,93414,2295000,93414,0,93415,80,
93214,1,93515,1397655,93514,2295000,93514,2295000,93514,0,93515,100,
93314,1,93615,628944,93614,2295000,93615,2295000,93614,0,93615,45,
93415,1,93717,0,93715,1530000,93716,1530000,93715,0,93717,0,
93515,1,93819,0,93816,739500,93818,739500,93817,0,93819,0,
93615,1,93922,0,93917,510000,93919,510000,93918,0,93922,0,
93717,1,94021,31843,94018,637500,94019,637500,94019,0,94021,18,
93819,1,94124,0,94118,510000,94120,510000,94119,0,94123,0,
93922,1,94220,230234,94218,1530000,94219,1530000,94218,0,94219,33,
94022,1,94344,29418,94320,561000,94321,561000,94321,0,94343,20,
94124,1,94421,209303,94420,1530000,94420,1530000,94420,0,94421,30,
94220,1,94528,34700,94521,510000,94523,510000,94522,0,94526,27,
94344,1,94622,209303,94621,1530000,94621,1530000,94621,0,94622,30,
94421,1,94728,34700,94722,510000,94724,510000,94723,0,94728,27,
94528,1,94828,33341,94823,612000,94824,612000,94823,0,94827,20,
94622,1,94929,28274,94924,510000,94925,510000,94925,0,94929,22,
94728,1,94975,174420,94973,1530000,94974,1530000,94974,0,94975,25,
94828,1,95081,0,95075,510000,95076,510000,95076,0,95080,0,
94929,1,95177,139536,95175,1530000,95175,1530000,95175,0,95176,20,
94975,1,95282,14137,95276,510000,95279,510000,95277,0,95282,11,
95081,1,95381,313955,95379,1530000,95380,1530000,95380,0,95381,45,
95177,1,95485,0,95480,510000,95482,510000,95481,0,95484,0,
95283,1,95585,0,95580,510000,95582,510000,95581,0,95584,0,
95381,1,95687,42411,95681,510000,95683,510000,95683,0,95686,33,
95485,1,95783,209303,95782,1530000,95782,1530000,95782,0,95783,30,
95585,1,95890,25704,95883,510000,95886,510000,95885,0,95889,20,
95687,1,95984,69768,95983,1530000,95983,1530000,95983,0,95984,10,
95783,1,96084,230234,96083,1530000,96084,1530000,96083,0,96084,33,
95890,1,96189,14709,96184,561000,96185,561000,96185,0,96188,10,
95984,1,96288,0,96285,561000,96286,561000,96285,0,96288,0,
96084,1,96390,44226,96385,637500,96387,637500,96386,0,96390,25,
96189,1,96488,44059,96485,739500,96486,739500,96486,0,96488,20,
96289,1,96591,12852,96587,510000,96589,510000,96588,0,96591,10,
96390,1,96691,35381,96687,637500,96689,637500,96688,0,96691,20,
96488,1,96794,0,96789,510000,96791,510000,96790,0,96794,0,
96591,1,96889,139536,96888,1530000,96888,1530000,96888,0,96889,20,
96691,1,96992,31354,96989,586500,96990,586500,96989,0,96992,20,
96795,1,97091,279072,97089,1530000,97090,1530000,97089,0,97091,40,
96889,1,97194,25704,97190,510000,97191,510000,97190,0,97194,20,
96992,1,97294,55013,97290,612000,97291,612000,97291,0,97293,33,
97091,1,97393,279072,97391,1530000,97392,1530000,97392,0,97393,40,
97194,1,97493,230234,97491,1530000,97492,1530000,97492,0,97493,33,
97294,1,97601,0,97592,510000,97594,510000,97594,0,97600,0,
97393,1,97694,0,97692,1530000,97693,1530000,97693,0,97694,0,
97493,1,97798,47764,97794,637500,97795,637500,97795,0,97798,27,
97602,1,97899,33725,97895,637500,97897,663000,97896,0,97899,18,
97694,1,97997,94957,97995,1836000,97996,1836000,97996,0,97997,10,
97798,1,98097,139765,98096,2295000,98096,2295000,98096,0,98097,10,
97899,1,98197,125788,98196,2295000,98197,2295000,98197,0,98197,9,
97997,1,98298,377366,98297,2295000,98297,2295000,98297,0,98297,27,
98097,1,98398,188373,98397,1530000,98397,1530000,98397,0,98398,27,
98197,1,98504,17651,98499,561000,98501,561000,98500,0,98504,12,
98298,1,98602,0,98598,637500,98600,637500,98599,0,98602,0,
98398,1,98700,251164,98698,1530000,98699,1530000,98699,0,98700,36,
98504,1,98803,58379,98799,637500,98801,637500,98800,0,98802,33,
98602,1,98906,15422,98900,510000,98902,510000,98901,0,98905,12,
98700,1,99003,14137,99000,510000,99001,510000,99000,0,99003,11,
98803,1,99104,30007,99100,612000,99102,612000,99101,0,99104,18,
98906,1,99206,34700,99201,510000,99202,510000,99202,0,99206,27,
99003,1,99306,14709,99302,561000,99303,561000,99302,0,99306,10,
99104,1,99403,209303,99401,1530000,99402,1530000,99402,0,99403,30,
99207,1,99509,0,99503,510000,99505,510000,99504,0,99508,0,
99306,1,99608,39715,99603,561000,99605,561000,99604,0,99607,27,
99403,1,99710,26476,99705,561000,99707,561000,99706,0,99710,18,
99509,1,99811,25704,99806,510000,99808,510000,99807,0,99811,20,
99608,1,99911,12852,99907,510000,99909,510000,99908,0,99911,10,
99710,1,100013,0,100008,510000,100010,510000,100009,0,100012,0,
99812,1,100113,0,100109,561000,100111,561000,100110,0,100113,0,
99912,1,100213,0,100209,612000,100211,612000,100210,0,100213,0,
100013,1,100327,0,100310,510000,100312,510000,100311,0,100314,0,
100113,1,100411,233245,100410,1632000,100410,1632000,100410,0,100411,30,
100213,1,100513,69768,100511,1530000,100512,1530000,100512,0,100513,10,
100327,1,100613,69768,100611,1530000,100612,1530000,100612,0,100613,10,
100411,1,100715,0,100711,510000,100713,510000,100712,0,100715,0,
100513,1,100815,12852,100812,510000,100813,510000,100812,0,100815,10,
100613,1,100913,76744,100912,1530000,100912,1530000,100912,0,100913,11,
100715,1,101017,47031,101013,586500,101014,586500,101014,0,101016,30,
100815,1,101118,34700,101113,510000,101115,510000,101114,0,101117,27,
100913,1,101214,153489,101213,1530000,101213,1530000,101213,0,101214,22,
101017,1,101324,251164,101314,1530000,101314,1530000,101314,0,101323,36,
101118,1,101415,83721,101414,1530000,101414,1530000,101414,0,101415,12,
101214,1,101522,25704,101515,510000,101517,510000,101516,0,101521,20,
101324,1,101619,16670,101615,612000,101617,612000,101616,0,101619,10,
101415,1,101717,0,101715,1530000,101716,1530000,101715,0,101716,0,
101522,1,101817,160466,101815,1530000,101816,1530000,101816,0,101817,23,
101619,1,101920,30007,101916,612000,101918,612000,101917,0,101920,18,
101717,1,102022,23133,102017,510000,102019,510000,102018,0,102022,18,
101817,1,102118,139536,102117,1530000,102117,1530000,102117,0,102118,20,
101920,1,102222,24781,102218,535500,102219,535500,102219,0,102222,18,
102023,1,102323,47764,102318,637500,102320,637500,102319,0,102323,27,
102118,1,102420,139536,102418,1530000,102419,1530000,102419,0,102420,20,
102222,1,102524,0,102519,510000,102521,510000,102520,0,102523,0,
102323,1,102620,0,102619,1530000,102619,1530000,102619,0,102620,0,
102420,1,102724,0,102720,561000,102721,561000,102721,0,102724,0,
102524,1,102825,14137,102821,510000,102822,510000,102821,0,102824,11,
102620,1,102926,19459,102922,637500,102923,637500,102922,0,102925,11,
102724,1,103025,0,103022,510000,103023,510000,103022,0,103025,0,
102825,1,103123,0,103122,1530000,103122,1530000,103122,0,103123,0,
102926,1,103226,17690,103223,637500,103224,637500,103224,0,103226,10,
103025,1,103334,47031,103323,586500,103325,586500,103324,0,103333,30,
103123,1,103425,188373,103424,1530000,103424,1530000,103424,0,103425,27,
103226,1,103529,38556,103525,510000,103527,510000,103526,0,103529,30,
103334,1,103630,29418,103626,561000,103627,561000,103627,0,103630,20,
103425,1,103729,76744,103727,510000,103728,1530000,103727,0,103729,11,
103529,1,103830,12852,103827,510000,103828,510000,103827,0,103830,10,
103630,1,103928,0,103927,1530000,103927,1530000,103927,0,103928,0,
103730,1,104031,17690,104028,637500,104029,637500,104029,0,104031,10,
103830,1,104131,258141,104128,1530000,104129,1530000,104129,0,104131,37,
103929,1,104235,23133,104231,510000,104233,510000,104232,0,104235,18,
104032,1,104332,125582,104331,1530000,104332,1530000,104331,0,104332,18,
104131,1,104436,0,104432,510000,104433,510000,104433,0,104436,0,
104236,1,104537,58379,104533,637500,104534,637500,104534,0,104537,33,
104333,1,104639,56437,104633,586500,104635,586500,104634,0,104638,36,
104436,1,104743,14137,104734,510000,104736,510000,104735,0,104743,11,
104537,1,104836,209303,104834,1530000,104835,1530000,104835,0,104836,30,
104639,1,104936,153489,104935,1530000,104935,1530000,104935,0,104936,22,
104744,1,105041,20563,105036,510000,105039,510000,105038,0,105041,16,
104836,1,105144,0,105137,510000,105139,510000,105139,0,105143,0,
104936,1,105242,17651,105238,561000,105240,561000,105239,0,105242,12,
105042,1,105342,53071,105339,637500,105340,637500,105340,0,105342,30,
105144,1,105440,188373,105439,1530000,105439,1530000,105439,0,105440,27,
105242,1,105545,0,105540,510000,105541,510000,105541,0,105544,0,
105343,1,105644,48837,105640,510000,105642,510000,105641,0,105644,38,
105440,1,105744,20005,105741,612000,105742,612000,105741,0,105744,12,
105545,1,105842,153489,105841,1530000,105841,1530000,105841,0,105842,22,
105644,1,105946,23133,105942,510000,105943,510000,105943,0,105946,18,
105744,1,106043,188373,106041,1530000,106042,1530000,106042,0,106043,27,
105842,1,106145,0,106142,612000,106143,612000,106143,0,106145,0,
105946,1,106246,0,106243,637500,106244,637500,106243,0,106246,0,
106043,1,106345,279072,106343,1530000,106344,1530000,106344,0,106345,40,
106146,1,106444,445526,106443,2014500,106443,2014500,106443,0,106444,40,
106246,1,106548,13767,106544,535500,106546,535500,106545,0,106548,10,
106345,1,106648,76744,106644,1530000,106645,1530000,106645,0,106648,11,
106444,1,106751,13767,106747,535500,106748,535500,106748,0,106750,10,
106548,1,106851,34700,106847,510000,106849,510000,106848,0,106851,27,
106648,1,106951,19459,106947,637500,106949,637500,106948,0,106951,11,
106751,1,107051,35381,107048,637500,107049,637500,107049,0,107051,20,
106851,1,107159,23133,107149,510000,107151,510000,107150,0,107156,18,
106951,1,107253,34489,107249,586500,107251,586500,107250,0,107253,22,
107052,1,107351,209303,107349,1530000,107350,1530000,107350,0,107351,30,
107160,1,107456,23133,107451,510000,107453,510000,107452,0,107456,18,
107253,1,107552,153489,107551,1530000,107551,1530000,107551,0,107552,22,
107351,1,107656,16180,107652,561000,107654,561000,107653,0,107656,11,
107457,1,107757,34700,107753,510000,107755,510000,107754,0,107757,27,
107552,1,107858,38556,107854,510000,107855,510000,107855,0,107858,30,
107656,1,107958,30007,107954,612000,107955,612000,107955,0,107958,18,
107758,1,108059,42328,108055,586500,108056,586500,108056,0,108059,27,
107858,1,108160,25704,108155,510000,108157,510000,108156,0,108160,20,
107958,1,108261,32360,108256,561000,108258,561000,108257,0,108260,22,
108059,1,108358,139536,108356,1530000,108357,1530000,108356,0,108358,20,
108160,1,108458,0,108456,1530000,108457,1530000,108457,0,108458,0,
108261,1,108562,25704,108558,510000,108559,510000,108559,0,108562,20,
108358,1,108664,23133,108658,510000,108660,510000,108659,0,108663,18,
108458,1,108764,14137,108759,510000,108760,510000,108760,0,108763,11,
108562,1,108860,83721,108859,1530000,108859,1530000,108859,0,108860,12,
108664,1,108965,25704,108960,510000,108961,510000,108961,0,108964,20,
108764,1,109074,25704,109060,510000,109062,510000,109061,0,109072,20,
108860,1,109162,230234,109160,1530000,109161,1530000,109161,0,109162,33,
108965,1,109267,11566,109262,510000,109263,510000,109263,0,109267,9,
109074,1,109364,230234,109362,1530000,109363,1530000,109363,0,109364,33,
109162,1,109464,0,109462,1530000,109463,1530000,109462,0,109464,0,
109268,1,109564,69768,109563,1530000,109563,1530000,109563,0,109564,10,
109364,1,109668,18337,109664,612000,109665,612000,109665,0,109668,11,
109464,1,109765,0,109764,1530000,109764,1530000,109764,0,109765,0,
109564,1,109870,27535,109865,535500,109867,535500,109866,0,109869,20,
109668,1,109968,286048,109965,1530000,109966,1530000,109966,0,109968,41,
109765,1,110070,37472,110066,663000,110067,663000,110067,0,110069,20,
109870,1,110168,279072,110166,1530000,110167,1530000,110166,0,110168,40,
109969,1,110268,1397655,110266,2295000,110267,2295000,110266,0,110267,100,
110070,1,110369,698827,110368,2295000,110368,2295000,110368,0,110369,50,
110168,1,110474,25704,110469,510000,110471,510000,110471,0,110474,20,
110268,1,110575,14137,110570,510000,110572,510000,110571,0,110575,11,
110369,1,110671,76744,110670,1530000,110670,1530000,110670,0,110671,11,
110474,1,110779,14709,110771,561000,110773,561000,110772,0,110778,10,
110575,1,110876,42411,110871,510000,110873,510000,110872,0,110876,33,
110671,1,110979,12852,110972,510000,110974,510000,110973,0,110978,10,
110779,1,111073,174420,111072,1530000,111072,1530000,111072,0,111073,25,
110876,1,111180,12852,111173,510000,111175,510000,111174,0,111180,10,
110979,1,111277,34489,111273,586500,111274,586500,111274,0,111277,22,
111073,1,111382,79232,111377,688500,111379,688500,111379,0,111382,40,
111180,1,111481,18812,111478,586500,111479,586500,111479,0,111481,12,
111277,1,111582,25704,111578,510000,111580,510000,111579,0,111582,20,
111382,1,111683,0,111679,510000,111680,510000,111680,0,111683,0,
111481,1,111783,14137,111779,510000,111781,510000,111780,0,111783,11,
111582,1,111881,153489,111879,1530000,111880,1530000,111879,0,111880,22,
111684,1,111985,47031,111980,586500,111982,586500,111981,0,111985,30,
111784,1,112081,174420,112080,1530000,112081,1530000,112080,0,112081,25,
111881,1,112187,0,112181,535500,112183,535500,112182,0,112186,0,
111985,1,112282,69768,112281,1530000,112282,1530000,112281,0,112282,10,
112081,1,112385,209303,112383,1530000,112384,1530000,112384,0,112384,30,
112187,1,112489,31354,112485,586500,112486,586500,112486,0,112489,20,
112282,1,112590,12852,112585,510000,112587,510000,112586,0,112589,10,
112385,1,112686,76744,112685,1530000,112686,1530000,112685,0,112686,11,
112490,1,112790,36773,112786,561000,112788,561000,112787,0,112790,25,
112590,1,112892,34700,112887,510000,112889,510000,112889,0,112892,27,
112686,1,112992,14137,112988,510000,112989,510000,112988,0,112992,11,
112790,1,113038,0,113037,1530000,113038,1530000,113037,0,113038,0,
112893,1,113145,0,113138,510000,113141,510000,113139,0,113143,0,
112993,1,113243,39616,113238,688500,113240,688500,113239,0,113243,20,
113039,1,113341,174420,113339,1530000,113340,1530000,113339,0,113341,25,
113145,1,113442,0,113439,637500,113440,637500,113440,0,113442,0,
113243,1,113544,17651,113540,561000,113541,561000,113541,0,113544,12,
113341,1,113644,14137,113640,510000,113642,510000,113641,0,113644,11,
113442,1,113741,0,113740,1530000,113741,1530000,113740,0,113741,0,
113544,1,113842,69768,113840,1530000,113841,1530000,113841,0,113842,10,
113645,1,113946,12852,113942,510000,113943,510000,113942,0,113946,10,
113741,1,114047,0,114042,510000,114044,510000,114043,0,114047,0,
113842,1,114143,348515,114142,2193000,114142,2193000,114142,0,114143,27,
113946,1,114244,0,114242,2295000,114243,2295000,114243,0,114243,0,
114047,1,114351,63686,114343,637500,114346,637500,114345,0,114351,36,
114143,1,114445,76744,114443,1530000,114444,1530000,114443,0,114445,11,
114244,1,114549,17690,114544,637500,114546,637500,114545,0,114548,10,
114352,1,114650,14137,114645,510000,114647,510000,114646,0,114650,11,
114445,1,114750,12852,114746,510000,114748,510000,114747,0,114750,10,
114549,1,114847,69768,114845,1530000,114846,1530000,114846,0,114847,10,
114651,1,114950,35381,114947,637500,114948,637500,114947,0,114950,20,
114750,1,115048,125582,115046,1530000,115047,1530000,115047,0,115048,18,
114847,1,115151,28218,115147,586500,115149,586500,115148,0,115151,18,
114950,1,115254,12852,115250,510000,115251,510000,115251,0,115254,10,
115048,1,115351,418607,115349,1530000,115350,1530000,115350,0,115351,60,
115151,1,115454,0,115450,510000,115452,510000,115451,0,115454,0,
115254,1,115555,0,115551,510000,115553,510000,115552,0,115555,0,
115351,1,115655,42328,115651,586500,115653,586500,115652,0,115655,27,
115455,1,115756,0,115752,561000,115753,561000,115753,0,115755,0,
115555,1,115856,25704,115852,510000,115854,510000,115853,0,115856,20,
115655,1,115958,25704,115953,510000,115954,510000,115954,0,115957,20,
115756,1,116054,125582,116053,1530000,116053,1530000,116053,0,116054,18,
115857,1,116157,77838,116153,637500,116155,637500,116154,0,116157,44,
115958,1,116255,160466,116253,1530000,116254,1530000,116254,0,116255,23,
116054,1,116355,230234,116354,1530000,116354,1530000,116354,0,116355,33,
116157,1,116459,25704,116455,510000,116456,510000,116456,0,116458,20,
116255,1,116560,38556,116555,510000,116557,510000,116556,0,116559,30,
116355,1,116660,34700,116656,510000,116657,510000,116657,0,116660,27,
116459,1,116760,14137,116756,510000,116758,510000,116757,0,116760,11,
116560,1,116862,14137,116857,510000,116858,510000,116858,0,116861,11,
116660,1,116958,0,116957,1530000,116957,1530000,116957,0,116958,0,
116760,1,117062,15003,117058,612000,117060,612000,117059,0,117062,9,
116862,1,117160,0,117158,1530000,117159,1530000,117158,0,117160,0,
116958,1,117263,0,117259,510000,117260,510000,117260,0,117262,0,
117062,1,117360,76744,117358,1530000,117359,1530000,117359,0,117360,11,
117160,1,117463,28305,117459,637500,117461,637500,117460,0,117463,16,
117263,1,117564,13767,117560,535500,117562,535500,117561,0,117564,10,
117360,1,117665,14137,117660,510000,117662,510000,117661,0,117665,11,
117463,1,117765,0,117761,510000,117763,510000,117762,0,117765,0,
117564,1,117862,69768,117861,1530000,117861,1530000,117861,0,117862,10,
117665,1,117965,20005,117961,612000,117963,612000,117962,0,117965,12,
117766,1,118067,23133,118062,510000,118064,510000,118063,0,118067,18,
117862,1,118170,0,118163,510000,118165,510000,118164,0,118170,0,
117965,1,118267,63349,118264,612000,118265,612000,118264,0,118267,38,
118067,1,118367,279072,118364,1530000,118365,1530000,118365,0,118366,40,
118170,1,118470,32130,118465,510000,118467,510000,118466,0,118469,25,
118267,1,118566,76744,118565,1530000,118565,1530000,118565,0,118566,11,
118367,1,118671,41303,118667,535500,118668,535500,118668,0,118670,30,
118470,1,118772,17992,118767,510000,118769,510000,118768,0,118771,14,
118566,1,118873,23133,118868,510000,118870,510000,118869,0,118872,18,
118671,1,118969,76744,118968,1530000,118969,1530000,118968,0,118969,11,
118772,1,119071,0,119069,1530000,119070,1530000,119069,0,119070,0,
118874,1,119171,0,119170,1530000,119170,1530000,119170,0,119171,0,
118969,1,119275,0,119271,637500,119273,637500,119272,0,119275,0,
119071,1,119375,251164,119372,1530000,119372,1530000,119372,0,119374,36,
119171,1,119473,0,119472,1530000,119472,1530000,119472,0,119473,0,
119276,1,119579,17690,119574,637500,119577,637500,119576,0,119578,10,
119375,1,119679,35381,119675,637500,119677,637500,119677,0,119679,20,
119473,1,119779,69768,119776,1530000,119777,1530000,119777,0,119779,10,
119579,1,119882,12852,119877,510000,119879,510000,119878,0,119882,10,
119679,1,119978,69768,119977,1530000,119977,1530000,119977,0,119978,10,
119779,1,120083,31354,120078,586500,120079,586500,120079,0,120082,20,
119883,1,120186,53071,120179,637500,120180,637500,120179,0,120185,30,
119978,1,120280,256569,120278,1632000,120279,1632000,120279,0,120280,33,
120083,1,120380,153489,120379,1530000,120379,1530000,120379,0,120380,22,
120186,1,120483,0,120480,612000,120481,612000,120481,0,120483,0,
120280,1,120584,0,120581,510000,120582,510000,120581,0,120584,0,
120380,1,120681,0,120680,1530000,120681,1530000,120681,0,120681,0,
120483,1,120782,69768,120781,1530000,120781,1530000,120781,0,120782,10,
120584,1,120885,0,120882,586500,120883,586500,120882,0,120885,0,
120682,1,120987,0,120982,510000,120984,510000,120983,0,120986,0,
120782,1,121083,69768,121082,1530000,121083,1530000,121082,0,121083,10,
120885,1,121187,37172,121183,535500,121184,535500,121184,0,121187,27,
120987,1,121288,48541,121284,561000,121285,561000,121284,0,121287,33,
121083,1,121385,279072,121384,1530000,121384,1530000,121384,0,121385,40,
121187,1,121490,25704,121485,510000,121487,510000,121486,0,121490,20,
121288,1,121589,52693,121585,510000,121587,510000,121586,0,121589,41,
121385,1,121689,53071,121686,637500,121687,637500,121686,0,121689,30,
121490,1,121790,38556,121786,510000,121788,510000,121787,0,121790,30,
121589,1,121889,59480,121887,739500,121888,739500,121887,0,121889,27,
121689,1,121992,38919,121988,637500,121989,637500,121989,0,121991,22,
121791,1,122093,51408,122088,510000,122090,510000,122089,0,122092,40,
121889,1,122193,12852,122189,510000,122190,510000,122190,0,122193,10,
121992,1,122290,76744,122289,1530000,122289,1530000,122289,0,122290,11,
122093,1,122391,313955,122389,1530000,122390,1530000,122390,0,122391,45,
122194,1,122494,14709,122490,561000,122491,561000,122491,0,122493,10,
122290,1,122595,25704,122591,510000,122592,510000,122592,0,122594,20,
122391,1,122692,188373,122691,1530000,122691,1530000,122691,0,122692,27,
122494,1,122796,0,122792,612000,122793,612000,122793,0,122795,0,
122595,1,122897,25704,122893,510000,122894,510000,122894,0,122897,20,
122692,1,123001,23133,122994,510000,122996,510000,122995,0,123000,18,
122796,1,123095,174420,123093,1530000,123094,1530000,123094,0,123095,25,
122897,1,123202,13767,123195,535500,123197,535500,123196,0,123201,10,
123002,1,123300,28274,123296,510000,123297,510000,123297,0,123300,22,
123095,1,123397,348840,123395,1530000,123396,1530000,123396,0,123397,50,
123202,1,123497,69768,123496,1530000,123496,1530000,123496,0,123497,10,
123300,1,123602,25704,123597,510000,123599,510000,123598,0,123601,20,
123397,1,123702,23133,123698,510000,123699,510000,123699,0,123702,18,
123497,1,123800,174420,123798,1530000,123799,1530000,123799,0,123800,25,
123602,1,123905,12852,123899,510000,123901,510000,123900,0,123904,10,
123702,1,124000,139536,123999,1530000,124000,1530000,123999,0,124000,20,
123800,1,124105,14709,124100,561000,124101,561000,124101,0,124105,10,
123905,1,124206,25704,124201,510000,124202,510000,124202,0,124206,20,
124000,1,124307,14137,124302,510000,124303,510000,124303,0,124307,11,
124105,1,124403,313955,124402,1530000,124402,1530000,124402,0,124403,45,
124207,1,124508,12852,124503,510000,124505,510000,124504,0,124508,10,
124307,1,124605,0,124603,1530000,124604,1530000,124603,0,124605,0,
124403,1,124709,31354,124704,586500,124706,586500,124706,0,124709,20,
124509,1,124809,69768,124806,586500,124807,1530000,124807,0,124809,10,
124605,1,124907,251577,124905,2295000,124906,2295000,124906,0,124907,18,
124709,1,125007,125788,125006,2295000,125006,2295000,125006,0,125007,9,
124809,1,125108,125788,125106,2295000,125107,2295000,125107,0,125107,9,
124907,1,125208,251577,125206,2295000,125207,2295000,125207,0,125208,18,
125007,1,125308,125788,125307,2295000,125307,2295000,125307,0,125308,9,
125108,1,125409,69768,125407,1530000,125408,1530000,125407,0,125409,10,
125208,1,125512,0,125508,637500,125509,637500,125509,0,125512,0,
125308,1,125612,0,125608,510000,125610,510000,125609,0,125612,0,
125409,1,125713,19459,125709,637500,125710,637500,125710,0,125712,11,
125512,1,125813,0,125810,637500,125811,637500,125811,0,125813,0,
125612,1,125912,0,125910,1530000,125911,1530000,125910,0,125912,0,
125713,1,126015,0,126010,510000,126012,510000,126011,0,126014,0,
125814,1,126115,56437,126111,586500,126112,586500,126112,0,126115,36,
125912,1,126212,139536,126211,1530000,126211,1530000,126211,0,126212,20,
126015,1,126336,44226,126312,637500,126313,637500,126313,0,126336,25,
126115,1,126413,194371,126411,1632000,126412,1632000,126412,0,126413,25,
126212,1,126513,125582,126512,1530000,126512,1530000,126512,0,126513,18,
126337,1,126614,0,126612,1530000,126613,1530000,126613,0,126614,0,
126413,1,126719,23133,126713,510000,126715,510000,126714,0,126718,18,
126513,1,126814,0,126813,1530000,126813,1530000,126813,0,126814,0,
126614,1,126915,0,126913,1530000,126914,1530000,126914,0,126915,0,
126719,1,127018,31843,127014,637500,127016,637500,127015,0,127018,18,
126814,1,127121,16670,127115,612000,127116,612000,127115,0,127121,10,
126915,1,127218,18337,127215,612000,127216,612000,127215,0,127218,11,
127018,1,127321,38556,127316,510000,127318,510000,127317,0,127321,30,
127121,1,127418,466490,127416,1632000,127417,1632000,127417,0,127418,60,
127218,1,127522,12852,127517,510000,127518,510000,127517,0,127521,10,
127321,1,127618,188373,127616,1530000,127617,1530000,127617,0,127618,27,
127418,1,127722,34700,127717,510000,127719,510000,127718,0,127721,27,
127522,1,127822,12852,127818,510000,127819,510000,127819,0,127822,10,
127618,1,127924,14137,127919,510000,127921,510000,127920,0,127923,11,
127722,1,128019,0,128018,1530000,128019,1530000,128018,0,128019,0,
127823,1,128120,76744,128119,1530000,128119,1530000,128119,0,128120,11,
127924,1,128220,0,128219,1530000,128219,1530000,128219,0,128220,0,
128019,1,128325,19459,128320,637500,128322,637500,128321,0,128324,11,
128120,1,128421,313955,128420,1530000,128420,1530000,128420,0,128421,45,
128220,1,128524,0,128520,637500,128522,637500,128521,0,128524,0,
128325,1,128625,0,128621,637500,128622,637500,128622,0,128624,0,
128421,1,128725,18337,128722,612000,128723,612000,128723,0,128725,11,
128524,1,128826,38556,128822,510000,128824,510000,128823,0,128826,30,
128625,1,128929,34700,128923,510000,128925,510000,128924,0,128929,27,
128726,1,129028,52693,129024,510000,129025,510000,129025,0,129028,41,
128827,1,129129,68838,129125,535500,129127,535500,129126,0,129129,50,
128929,1,129229,251164,129225,510000,129227,1530000,129227,0,129228,36,
129028,1,129327,139536,129325,1530000,129326,1530000,129326,0,129327,20,
129129,1,129427,111628,129426,1530000,129426,1530000,129426,0,129427,16,
129229,1,129529,30624,129527,918000,129527,918000,129527,0,129529,10,
129327,1,129632,34700,129628,510000,129629,510000,129629,0,129631,27,
129427,1,129733,0,129728,535500,129730,535500,129729,0,129732,0,
129529,1,129832,0,129828,510000,129830,510000,129829,0,129832,0,
129632,1,129933,14137,129929,510000,129931,510000,129930,0,129933,11,
129733,1,130033,35381,130030,637500,130031,637500,130030,0,130033,20,
129832,1,130132,153489,130130,1530000,130131,1530000,130131,0,130132,22,
129933,1,130232,139536,130230,1530000,130231,1530000,130231,0,130232,20,
130033,1,130342,68838,130332,535500,130333,535500,130333,0,130339,50,
130132,1,130433,188373,130432,1530000,130432,1530000,130432,0,130433,27,
130232,1,130536,53071,130533,637500,130534,637500,130533,0,130536,30,
130343,1,130639,34700,130634,510000,130635,510000,130635,0,130639,27,
130433,1,130735,0,130733,1530000,130734,1530000,130734,0,130735,0,
130537,1,130840,17690,130834,637500,130836,637500,130835,0,130839,10,
130640,1,130940,17244,130935,586500,130937,586500,130936,0,130939,11,
130735,1,131043,12852,131036,510000,131038,510000,131037,0,131043,10,
130840,1,131138,76744,131136,1530000,131137,1530000,131137,0,131138,11,
130940,1,131241,0,131238,663000,131239,663000,131238,0,131241,0,
131043,1,131340,279072,131338,1530000,131339,1530000,131338,0,131340,40,
131138,1,131441,35381,131438,637500,131439,637500,131439,0,131441,20,
131242,1,131546,12852,131540,510000,131543,510000,131541,0,131545,10,
131340,1,131641,139536,131640,1530000,131641,1530000,131640,0,131641,20,
131441,1,131745,17690,131741,637500,131742,637500,131742,0,131744,10,
131546,1,131795,0,131792,510000,131793,510000,131792,0,131795,0,
131641,1,131893,76744,131891,1530000,131892,1530000,131892,0,131893,11,
131745,1,131994,69768,131992,1530000,131993,1530000,131992,0,131994,10,
131795,1,132097,0,132093,510000,132094,510000,132094,0,132097,0,
131893,1,132194,125582,132192,1530000,132193,1530000,132193,0,132194,18,
131994,1,132294,0,132293,1530000,132293,1530000,132293,0,132294,0,
132097,1,132394,76744,132393,1530000,132393,1530000,132393,0,132394,11,
132194,1,132498,31843,132494,637500,132495,637500,132495,0,132497,18,
132294,1,132599,32130,132594,510000,132596,510000,132595,0,132599,25,
132394,1,132696,0,132694,1530000,132695,1530000,132694,0,132695,0,
132498,1,132796,69768,132795,1530000,132795,1530000,132795,0,132796,10,
132599,1,132896,69768,132895,1530000,132895,1530000,132895,0,132896,10,
132696,1,133001,38343,132997,510000,132998,612000,132998,0,133001,23,
132796,1,133097,139536,133095,1530000,133096,1530000,133096,0,133097,20,
132896,1,133200,15003,133196,612000,133198,612000,133197,0,133200,9,
133001,1,133301,14137,133297,510000,133299,510000,133298,0,133301,11,
133097,1,133398,230234,133397,1530000,133397,1530000,133397,0,133398,33,
133200,1,133502,12852,133498,510000,133500,510000,133499,0,133502,10,
133301,1,133599,97675,133598,1530000,133599,1530000,133598,0,133599,14,
133398,1,133703,18337,133699,612000,133701,612000,133700,0,133703,11,
133503,1,133806,25704,133800,510000,133801,510000,133801,0,133806,20,
133600,1,133904,34700,133900,510000,133902,510000,133901,0,133904,27,
133703,1,134001,69768,134000,1530000,134001,1530000,134000,0,134001,10,
133806,1,134106,31354,134101,586500,134102,586500,134102,0,134106,20,
133904,1,134207,32130,134202,510000,134204,510000,134203,0,134206,25,
134001,1,134307,34700,134303,510000,134304,510000,134304,0,134307,27,
134107,1,134404,313955,134403,1530000,134403,1530000,134403,0,134404,45,
134207,1,134505,69768,134504,1530000,134504,1530000,134504,0,134505,10,
134307,1,134607,0,134605,1530000,134605,1530000,134605,0,134607,0,
134404,1,134710,23133,134705,510000,134707,510000,134706,0,134709,18,
134505,1,134807,76744,134805,1530000,134806,1530000,134806,0,134807,11,
134607,1,134908,125582,134906,1530000,134907,1530000,134906,0,134907,18,
134710,1,135011,31843,135007,637500,135009,637500,135008,0,135011,18,
134807,1,135114,14137,135108,510000,135110,510000,135109,0,135113,11,
134908,1,135213,39192,135209,586500,135211,586500,135210,0,135213,25,
135011,1,135310,188373,135309,1530000,135309,1530000,135309,0,135310,27,
135114,1,135410,153489,135409,1530000,135410,1530000,135409,0,135410,22,
135213,1,135515,23133,135510,510000,135512,510000,135511,0,135514,18,
135310,1,135614,0,135611,637500,135612,637500,135612,0,135614,0,
135410,1,135712,0,135711,1530000,135711,1530000,135711,0,135712,0,
135515,1,135815,17690,135812,637500,135813,637500,135812,0,135815,10,
135614,1,135916,0,135912,510000,135914,510000,135913,0,135916,0,
135712,1,136017,44128,136013,561000,136014,561000,136014,0,136016,30,
135815,1,136119,42411,136114,510000,136115,510000,136114,0,136119,33,
135918,1,136219,15144,136214,535500,136216,535500,136215,0,136218,11,
136017,1,136331,32130,136316,510000,136328,510000,136327,0,136331,25,
136119,1,136416,108847,136415,1632000,136416,1632000,136415,0,136416,14,
136219,1,136522,32130,136517,510000,136518,510000,136518,0,136522,25,
136332,1,136618,76744,136617,1530000,136617,1530000,136617,0,136618,11,
136417,1,136723,12852,136718,510000,136719,510000,136719,0,136722,10,
136522,1,136819,125582,136817,1530000,136818,1530000,136818,0,136819,18,
136618,1,136919,0,136918,1530000,136918,1530000,136918,0,136919,0,
136723,1,137037,53071,137021,637500,137023,637500,137022,0,137034,30,
136819,1,137125,1257889,137123,2295000,137124,2295000,137124,0,137125,90,
136919,1,137224,559062,137223,2295000,137224,2295000,137223,0,137224,40,
137039,1,137325,139536,137324,1530000,137324,1530000,137324,0,137325,20,
137125,1,137426,62791,137424,1530000,137425,1530000,137424,0,137426,9,
137224,1,137529,0,137525,510000,137527,1530000,137526,0,137529,0,
137325,1,137628,69768,137625,1530000,137626,1530000,137625,0,137627,10,
137426,1,137730,45433,137726,535500,137728,535500,137727,0,137730,33,
137530,1,137827,174420,137826,1530000,137826,1530000,137826,0,137827,25,
137629,1,137929,125582,137926,1530000,137927,1530000,137927,0,137928,18,
137731,1,138032,12852,138027,510000,138029,510000,138028,0,138032,10,
137827,1,138128,0,138127,1530000,138127,1530000,138127,0,138128,0,
137929,1,138232,15144,138228,535500,138229,535500,138229,0,138231,11,
138032,1,138332,31354,138328,586500,138330,586500,138329,0,138332,20,
138128,1,138429,76744,138428,1530000,138429,1530000,138428,0,138429,11,
138232,1,138535,15422,138529,510000,138532,510000,138530,0,138534,12,
138332,1,138630,0,138629,1530000,138630,1530000,138630,0,138630,0,
138429,1,138731,209303,138730,1530000,138730,1530000,138730,0,138731,30,
138535,1,138831,0,138830,1836000,138830,1836000,138830,0,138831,0,
138631,1,138931,153742,138930,2295000,138930,2295000,138930,0,138931,11,
138731,1,139035,12852,139031,510000,139033,510000,139032,0,139035,10,
138831,1,139137,12852,139132,510000,139134,510000,139133,0,139136,10,
138931,1,139234,139536,139232,1530000,139233,1530000,139233,0,139234,20,
139035,1,139339,230234,139334,510000,139337,1530000,139336,0,139338,33,
139137,1,139435,0,139434,1530000,139434,1530000,139434,0,139435,0,
139234,1,139537,125582,139535,1530000,139536,1530000,139535,0,139537,18,
139340,1,139641,23133,139636,510000,139638,510000,139637,0,139641,18,
139435,1,139737,76744,139736,1530000,139737,1530000,139736,0,139737,11,
139537,1,139842,0,139837,561000,139839,561000,139838,0,139842,0,
139642,1,139950,45011,139944,612000,139947,612000,139946,0,139950,27,
139737,1,140039,461226,140038,2295000,140038,2295000,140038,0,140039,33,
139843,1,140139,1048241,140138,2295000,140138,2295000,140138,0,140139,75,
139950,1,140244,25704,140239,510000,140241,510000,140240,0,140244,20,
140039,1,140340,76744,140339,1530000,140339,1530000,140339,0,140340,11,
140139,1,140440,0,140439,1530000,140440,1530000,140439,0,140440,0,
140244,1,140545,16670,140541,612000,140543,612000,140542,0,140545,10,
140340,1,140646,14137,140641,510000,140643,510000,140642,0,140646,11,
140440,1,140747,33341,140743,612000,140744,612000,140743,0,140746,20,
140545,1,140849,52693,140845,510000,140847,510000,140846,0,140849,41,
140646,1,140951,41303,140946,535500,140948,535500,140947,0,140950,30,
140747,1,141053,14137,141047,510000,141050,510000,141049,0,141053,11,
140850,1,141148,286048,141147,1530000,141147,1530000,141147,0,141148,41,
140951,1,141249,69768,141247,1530000,141249,1530000,141248,0,141249,10,
141053,1,141350,348840,141348,1530000,141349,1530000,141348,0,141350,50,
141148,1,141452,23133,141449,510000,141450,510000,141449,0,141452,18,
141249,1,141553,0,141549,637500,141550,637500,141550,0,141552,0,
141350,1,141655,0,141650,510000,141652,510000,141651,0,141654,0,
141452,1,141751,174420,141750,1530000,141750,1530000,141750,0,141751,25,
141553,1,141856,0,141851,510000,141852,510000,141852,0,141855,0,
141655,1,141955,0,141951,510000,141953,510000,141952,0,141955,0,
141751,1,142055,502329,142052,1530000,142053,1530000,142053,0,142054,72,
141857,1,142162,279072,142154,1530000,142156,1530000,142155,0,142161,40,
141955,1,142255,129079,142253,2193000,142254,2193000,142254,0,142255,10,
142055,1,142355,153742,142354,2295000,142354,2295000,142354,0,142355,11,
142162,1,142455,1397655,142454,2295000,142454,2295000,142454,0,142455,100,
142255,1,142555,1397655,142554,2295000,142555,2295000,142554,0,142555,100,
142355,1,142655,1397655,142654,2295000,142655,2295000,142655,0,142655,100,
142455,1,142756,1118124,142755,2295000,142755,2295000,142755,0,142756,80,
142555,1,,,,,,,,,,,
142656,1,,,,,,,,,,,
142756,1,,,,,,,,,,,
,,,,,,,,,,,,

System Statistics:
Sensor Id,Name,Type,Average
206,"Battery Status",Battery Status,1.0
332,"Battery Power*",Power [uW],124487.98103932584
1000,"CPU1 Frequency",CPU Frequency [kHz],1046323.7359550562
1001,"CPU2 Frequency",CPU Frequency [kHz],1055062.5
1096,"CPU1 Load",CPU Load [%],0.0
1097,"CPU2 Load",CPU Load [%],20.922752808988765


