App,Package,Start Time,Duration,Filename
"System",,"Jun 21, 2018 @ 08:12:53 PM","1 min 1 sec","Trepn_2018.06.21_201253.db"

Time  [ms],"Battery Status",Time  [ms],"Battery Power* [uW]",Time  [ms],"CPU1 Frequency [kHz]",Time  [ms],"CPU2 Frequency [kHz]",Time  [ms],"CPU1 Load [%]",Time  [ms],"CPU2 Load [%]",
0,1,41,181695,37,2295000,38,2295000,38,0,39,13,
41,1,139,349413,138,2295000,138,2295000,138,0,139,25,
139,1,240,139536,238,1530000,239,1530000,238,0,240,20,
240,1,340,1290799,338,2193000,339,2193000,339,0,340,100,
340,1,440,1397655,439,2295000,439,2295000,439,0,440,100,
440,1,540,1397655,539,2295000,539,2295000,539,0,540,100,
540,1,640,1397655,639,2295000,640,2295000,640,0,640,100,
640,1,691,0,690,2295000,690,2295000,690,0,691,0,
691,1,791,698827,790,2295000,790,2295000,790,0,791,50,
791,1,896,1397655,893,2295000,893,2295000,893,0,896,100,
896,1,998,1397655,997,2295000,998,2295000,998,0,998,100,
998,1,1100,1397655,1099,2295000,1100,2295000,1099,0,1100,100,
1100,1,1200,1397655,1199,2295000,1200,2295000,1200,0,1200,100,
1200,1,1301,1397655,1300,2295000,1301,2295000,1300,0,1301,100,
1301,1,1401,1397655,1400,2295000,1401,2295000,1400,0,1401,100,
1401,1,1502,1397655,1501,2295000,1501,2295000,1501,0,1502,100,
1502,1,1602,1397655,1601,2295000,1601,2295000,1601,0,1601,100,
1602,1,1708,1397655,1707,2295000,1707,2295000,1707,0,1708,100,
1708,1,1808,1397655,1807,2295000,1808,2295000,1808,0,1808,100,
1808,1,1909,1397655,1908,2295000,1908,2295000,1908,0,1909,100,
1909,1,2010,1397655,2009,2295000,2009,2295000,2009,0,2010,100,
2010,1,2148,1397655,2113,2295000,2113,2295000,2113,0,2148,100,
2148,1,2215,1397655,2213,2295000,2214,2295000,2214,0,2214,100,
2215,1,2317,1397655,2316,2295000,2316,2295000,2316,0,2317,100,
2317,1,2415,1397655,2414,2295000,2414,2295000,2414,0,2415,100,
2415,1,2515,1397655,2514,2295000,2515,2295000,2514,0,2515,100,
2515,1,2616,1397655,2614,2295000,2615,2295000,2615,0,2616,100,
2616,1,2716,1397655,2715,2295000,2715,2295000,2715,0,2716,100,
2716,1,2816,1397655,2815,2295000,2815,2295000,2815,0,2816,100,
2816,1,2917,1397655,2916,2295000,2916,2295000,2916,0,2917,100,
2917,1,3017,1397655,3016,2295000,3016,2295000,3016,0,3017,100,
3017,1,3117,1397655,3116,2295000,3117,2295000,3117,0,3117,100,
3117,1,3218,1397655,3217,2295000,3217,2295000,3217,0,3218,100,
3218,1,3320,1397655,3319,2295000,3319,2295000,3319,0,3320,100,
3320,1,3421,1397655,3420,2295000,3420,2295000,3420,0,3421,100,
3421,1,3521,1397655,3520,2295000,3521,2295000,3521,0,3521,100,
3521,1,3622,1397655,3621,2295000,3621,2295000,3621,0,3622,100,
3622,1,3724,1397655,3723,2295000,3724,2295000,3724,0,3724,100,
3724,1,3825,1397655,3824,2295000,3824,2295000,3824,0,3825,100,
3825,1,3926,1397655,3924,2295000,3925,2295000,3925,0,3926,100,
3926,1,4025,1397655,4024,2295000,4025,2295000,4025,0,4025,100,
4025,1,4126,1397655,4125,2295000,4125,2295000,4125,0,4126,100,
4126,1,4226,1397655,4225,2295000,4225,2295000,4225,0,4226,100,
4226,1,4326,1397655,4325,2295000,4326,2295000,4326,0,4326,100,
4326,1,4427,1397655,4426,2295000,4426,2295000,4426,0,4427,100,
4427,1,4527,1397655,4526,2295000,4527,2295000,4527,0,4527,100,
4527,1,4628,1397655,4627,2295000,4627,2295000,4627,0,4628,100,
4628,1,4729,1257889,4727,2295000,4727,2295000,4727,0,4729,90,
4730,1,4828,1397655,4827,2295000,4827,2295000,4827,0,4828,100,
4828,1,4928,1397655,4927,2295000,4928,2295000,4927,0,4928,100,
4928,1,5028,1397655,5027,2295000,5028,2295000,5028,0,5028,100,
5028,1,5129,1397655,5128,2295000,5128,2295000,5128,0,5129,100,
5129,1,5229,1397655,5228,2295000,5228,2295000,5228,0,5229,100,
5229,1,5329,1257889,5328,2295000,5329,2295000,5328,0,5329,90,
5329,1,5429,1397655,5428,2295000,5429,2295000,5429,0,5429,100,
5429,1,5530,1397655,5529,2295000,5529,2295000,5529,0,5530,100,
5530,1,5630,1257889,5629,2295000,5629,2295000,5629,0,5630,90,
5630,1,5730,1397655,5729,2295000,5729,2295000,5729,0,5730,100,
5730,1,5830,1257889,5829,2295000,5830,2295000,5830,0,5830,90,
5830,1,5932,1397655,5930,2295000,5931,2295000,5930,0,5932,100,
5932,1,6031,1257889,6030,2295000,6030,2295000,6030,0,6031,90,
6031,1,6131,1257889,6130,2295000,6131,2295000,6130,0,6131,90,
6131,1,6231,1397655,6230,2295000,6231,2295000,6231,0,6231,100,
6231,1,6332,1397655,6331,2295000,6332,2295000,6332,0,6332,100,
6332,1,6438,1271866,6437,2295000,6438,2295000,6438,0,6438,91,
6438,1,6538,1397655,6537,2295000,6537,2295000,6537,0,6538,100,
6538,1,6638,1397655,6637,2295000,6637,2295000,6637,0,6638,100,
6638,1,6738,1076194,6737,2295000,6738,2295000,6738,0,6738,77,
6738,1,6839,1397655,6838,2295000,6838,2295000,6838,0,6839,100,
6839,1,6939,1397655,6938,2295000,6938,2295000,6938,0,6939,100,
6939,1,7040,1397655,7038,2295000,7039,2295000,7038,0,7039,100,
7040,1,7139,1397655,7138,2295000,7139,2295000,7139,0,7139,100,
7140,1,7240,1397655,7239,2295000,7239,2295000,7239,0,7239,100,
7240,1,7346,1397655,7344,2295000,7345,2295000,7345,0,7345,100,
7346,1,7446,1397655,7445,2295000,7445,2295000,7445,0,7446,100,
7446,1,7546,1397655,7545,2295000,7545,2295000,7545,0,7546,100,
7546,1,7650,1397655,7645,2295000,7646,2295000,7646,0,7650,100,
7650,1,7751,1397655,7746,2295000,7751,2295000,7746,0,7751,100,
7752,1,7847,1397655,7846,2295000,7846,2295000,7846,0,7847,100,
7847,1,7947,1397655,7946,2295000,7947,2295000,7947,0,7947,100,
7947,1,8048,1397655,8046,2295000,8047,2295000,8047,0,8048,100,
8048,1,8148,1397655,8147,2295000,8147,2295000,8147,0,8148,100,
8148,1,8248,1397655,8247,2295000,8247,2295000,8247,0,8248,100,
8248,1,8348,1397655,8347,2295000,8348,2295000,8347,0,8348,100,
8348,1,8449,1397655,8448,2295000,8448,2295000,8448,0,8449,100,
8449,1,8549,1397655,8548,2295000,8549,2295000,8548,0,8549,100,
8549,1,8650,1397655,8649,2295000,8649,2295000,8649,0,8650,100,
8650,1,8750,1397655,8749,2295000,8749,2295000,8749,0,8750,100,
8750,1,8850,1397655,8849,2295000,8849,2295000,8849,0,8850,100,
8850,1,8950,1397655,8949,2295000,8950,2295000,8950,0,8950,100,
8950,1,9051,1397655,9050,2295000,9050,2295000,9050,0,9051,100,
9051,1,9154,1397655,9153,2295000,9154,2295000,9153,0,9154,100,
9154,1,9255,1397655,9253,2295000,9254,2295000,9254,0,9254,100,
9255,1,9355,1397655,9354,2295000,9354,2295000,9354,0,9355,100,
9355,1,9455,1397655,9454,2295000,9454,2295000,9454,0,9455,100,
9455,1,9555,1397655,9554,2295000,9555,2295000,9555,0,9555,100,
9555,1,9656,1257889,9655,2295000,9655,2295000,9655,0,9656,90,
9656,1,9756,1397655,9755,2295000,9755,2295000,9755,0,9756,100,
9756,1,9857,1397655,9855,2295000,9856,2295000,9856,0,9857,100,
9857,1,9957,1397655,9956,2295000,9956,2295000,9956,0,9957,100,
9957,1,10058,1397655,10057,2295000,10057,2295000,10057,0,10058,100,
10058,1,10159,1397655,10158,2295000,10158,2295000,10158,0,10159,100,
10159,1,10259,1397655,10258,2295000,10259,2295000,10258,0,10259,100,
10259,1,10359,1397655,10358,2295000,10359,2295000,10359,0,10359,100,
10359,1,10460,1397655,10459,2295000,10459,2295000,10459,0,10460,100,
10460,1,10560,1397655,10559,2295000,10559,2295000,10559,0,10560,100,
10560,1,10661,1290799,10659,2193000,10660,2193000,10660,0,10660,100,
10661,1,10760,1397655,10759,2295000,10760,2295000,10760,0,10760,100,
10761,1,10861,1397655,10860,2295000,10860,2295000,10860,0,10861,100,
10861,1,10961,279531,10960,2295000,10960,2295000,10960,0,10961,20,
10961,1,11061,1229936,11060,2295000,11061,2295000,11061,0,11061,88,
11061,1,11162,1397655,11161,2295000,11161,2295000,11161,0,11161,100,
11162,1,11262,1397655,11261,2295000,11261,2295000,11261,0,11262,100,
11262,1,11362,1397655,11361,2295000,11361,2295000,11361,0,11362,100,
11362,1,11463,1397655,11461,2295000,11462,2295000,11462,0,11462,100,
11463,1,11563,1397655,11562,2295000,11562,2295000,11562,0,11563,100,
11563,1,11663,1257889,11662,2295000,11662,2295000,11662,0,11663,90,
11663,1,11763,1397655,11762,2295000,11763,2295000,11762,0,11763,100,
11763,1,11863,1257889,11862,2295000,11863,2295000,11863,0,11863,90,
11863,1,11964,76744,11963,1530000,11963,1530000,11963,0,11964,11,
11964,1,12066,23179,12063,765000,12064,765000,12064,0,12066,10,
12066,1,12168,0,12165,612000,12166,612000,12166,0,12168,0,
12169,1,12271,28218,12266,586500,12268,586500,12267,0,12270,18,
12271,1,12376,70547,12368,586500,12371,586500,12369,0,12375,45,
12376,1,12418,174420,12417,1530000,12417,1530000,12417,0,12418,25,
12418,1,12520,76744,12518,1530000,12519,1530000,12518,0,12520,11,
12520,1,12624,0,12618,510000,12619,510000,12618,0,12623,0,
12624,1,12719,209303,12718,1530000,12718,1530000,12718,0,12719,30,
12719,1,12824,17244,12819,586500,12821,586500,12820,0,12823,11,
12824,1,12925,19459,12920,637500,12922,637500,12921,0,12924,11,
12925,1,13022,348840,13020,1530000,13021,1530000,13020,0,13022,50,
13023,1,13126,11566,13121,510000,13123,510000,13122,0,13125,9,
13127,1,13226,14137,13221,510000,13223,510000,13222,0,13226,11,
13227,1,13326,19459,13322,637500,13323,637500,13322,0,13325,11,
13326,1,13428,25704,13423,510000,13425,510000,13424,0,13427,20,
13428,1,13531,34700,13524,510000,13526,510000,13525,0,13531,27,
13532,1,13629,0,13624,510000,13626,510000,13625,0,13629,0,
13629,1,13730,28274,13725,510000,13726,510000,13726,0,13729,22,
13730,1,13830,47764,13825,637500,13826,637500,13826,0,13829,27,
13830,1,13930,12852,13926,510000,13927,510000,13927,0,13930,10,
13930,1,14033,51734,14027,586500,14028,586500,14027,0,14032,33,
14033,1,14128,83721,14126,1530000,14127,1530000,14127,0,14128,12,
14128,1,14232,23133,14228,510000,14229,510000,14229,0,14232,18,
14233,1,14333,58379,14329,637500,14331,637500,14330,0,14333,33,
14334,1,14430,153489,14429,1530000,14429,1530000,14429,0,14430,22,
14430,1,14535,12852,14530,510000,14532,510000,14531,0,14534,10,
14535,1,14635,0,14630,510000,14632,510000,14631,0,14634,0,
14635,1,14738,0,14732,510000,14734,510000,14733,0,14737,0,
14739,1,14842,32130,14833,510000,14837,510000,14835,0,14841,25,
14844,1,14934,76744,14932,1530000,14933,1530000,14933,0,14934,11,
14934,1,15034,0,15033,1530000,15034,1530000,15033,0,15034,0,
15035,1,15135,0,15134,1530000,15134,1530000,15134,0,15135,0,
15135,1,15238,69768,15236,1530000,15237,1530000,15236,0,15238,10,
15238,1,15343,17690,15337,637500,15339,637500,15338,0,15342,10,
15343,1,15439,69768,15437,1530000,15437,1530000,15437,0,15438,10,
15439,1,15543,17690,15539,637500,15540,637500,15540,0,15543,10,
15543,1,15640,69768,15639,1530000,15640,1530000,15639,0,15640,10,
15640,1,15744,0,15741,637500,15742,637500,15741,0,15744,0,
15744,1,15843,69768,15841,1530000,15842,1530000,15841,0,15843,10,
15843,1,15944,0,15941,586500,15942,586500,15942,0,15944,0,
15944,1,16045,53071,16042,637500,16043,637500,16043,0,16045,30,
16046,1,16147,17690,16143,637500,16144,637500,16144,0,16147,10,
16147,1,16245,0,16244,1530000,16244,1530000,16244,0,16245,0,
16245,1,16350,24781,16345,510000,16347,535500,16346,0,16349,18,
16350,1,16449,39192,16445,586500,16447,586500,16446,0,16449,25,
16449,1,16550,34700,16546,510000,16548,510000,16547,0,16550,27,
16550,1,16651,23133,16647,510000,16648,510000,16648,0,16651,18,
16651,1,16756,12852,16748,510000,16752,510000,16750,0,16756,10,
16756,1,16852,49520,16849,688500,16850,688500,16849,0,16852,25,
16852,1,16961,35381,16958,637500,16959,637500,16959,0,16961,20,
16961,1,17059,125582,17058,1530000,17058,1530000,17058,0,17059,18,
17059,1,17159,0,17158,1530000,17158,1530000,17158,0,17159,0,
17159,1,17263,0,17259,510000,17260,510000,17260,0,17262,0,
17263,1,17366,12852,17361,510000,17363,510000,17362,0,17366,10,
17367,1,17461,251164,17460,1530000,17460,1530000,17460,0,17461,36,
17461,1,17561,139536,17560,1530000,17560,1530000,17560,0,17561,20,
17561,1,17664,28305,17661,637500,17662,637500,17662,0,17664,16,
17665,1,17768,25704,17762,510000,17764,510000,17763,0,17767,20,
17768,1,17863,188373,17862,1530000,17862,1530000,17862,0,17863,27,
17863,1,17974,58837,17970,561000,17971,561000,17970,0,17974,40,
17974,1,18064,76744,18063,1530000,18063,1530000,18063,0,18064,11,
18064,1,18171,27535,18164,535500,18167,535500,18166,0,18170,20,
18171,1,18270,12852,18265,510000,18268,510000,18266,0,18270,10,
18271,1,18369,23133,18365,510000,18367,510000,18366,0,18369,18,
18369,1,18469,25704,18466,510000,18467,510000,18466,0,18469,20,
18470,1,18574,14137,18567,510000,18571,510000,18569,0,18573,11,
18574,1,18678,14137,18668,510000,18673,510000,18669,0,18678,11,
18680,1,18771,21788,18768,688500,18769,688500,18769,0,18771,11,
18771,1,18874,12852,18869,510000,18871,510000,18870,0,18873,10,
18874,1,18976,153489,18972,1530000,18974,1530000,18973,0,18976,22,
18976,1,19074,0,19070,510000,19072,510000,19071,0,19074,0,
19074,1,19174,46267,19171,510000,19172,510000,19171,0,19174,36,
19174,1,19274,45011,19271,612000,19272,612000,19272,0,19274,27,
19274,1,19376,34700,19372,510000,19374,510000,19373,0,19376,27,
19376,1,19477,23133,19473,510000,19474,510000,19474,0,19476,18,
19478,1,19575,69768,19573,1530000,19574,1530000,19573,0,19575,10,
19575,1,19680,25704,19675,510000,19677,510000,19676,0,19679,20,
19680,1,19780,34700,19775,510000,19777,510000,19776,0,19779,27,
19780,1,19878,388742,19876,1632000,19877,1632000,19877,0,19878,50,
19878,1,19980,209303,19978,1530000,19979,1530000,19978,0,19980,30,
19980,1,20078,1397655,20077,2295000,20078,2295000,20077,0,20078,100,
20078,1,20178,419296,20177,2295000,20178,2295000,20178,0,20178,30,
20178,1,20279,69768,20278,1530000,20278,1530000,20278,0,20279,10,
20279,1,20382,251164,20379,1530000,20380,1530000,20380,0,20382,36,
20382,1,20483,25704,20479,510000,20480,510000,20480,0,20482,20,
20483,1,20584,18337,20580,612000,20582,612000,20581,0,20583,11,
20584,1,20690,41303,20682,535500,20686,535500,20684,0,20690,30,
20691,1,20787,31354,20782,586500,20784,586500,20783,0,20787,20,
20787,1,20891,23133,20883,510000,20886,510000,20884,0,20890,18,
20891,1,20986,55462,20983,688500,20984,688500,20984,0,20986,28,
20986,1,21088,11566,21084,510000,21085,510000,21085,0,21088,9,
21088,1,21189,0,21185,561000,21186,561000,21185,0,21188,0,
21189,1,21288,19459,21285,637500,21286,637500,21285,0,21287,11,
21288,1,21386,139536,21385,1530000,21385,1530000,21385,0,21386,20,
21386,1,21490,45433,21486,535500,21488,535500,21487,0,21490,33,
21490,1,21593,12852,21587,510000,21589,510000,21588,0,21593,10,
21594,1,21690,44059,21687,739500,21688,739500,21688,0,21690,20,
21690,1,21789,69768,21787,1530000,21788,1530000,21787,0,21789,10,
21789,1,21892,17690,21888,637500,21890,637500,21889,0,21892,10,
21892,1,21990,313955,21988,1530000,21989,1530000,21989,0,21990,45,
21990,1,22094,0,22090,510000,22091,510000,22090,0,22093,0,
22094,1,22193,0,22190,510000,22191,510000,22191,0,22193,0,
22194,1,22294,14137,22290,510000,22292,510000,22291,0,22294,11,
22294,1,22395,153489,22391,1530000,22392,1530000,22392,0,22395,22,
22395,1,22495,12852,22491,510000,22493,510000,22492,0,22494,10,
22495,1,22596,0,22592,561000,22594,561000,22593,0,22596,0,
22596,1,22697,23133,22693,510000,22695,510000,22694,0,22697,18,
22697,1,22799,0,22794,510000,22796,510000,22795,0,22799,0,
22799,1,22905,0,22895,510000,22898,510000,22896,0,22901,0,
22906,1,23000,258141,22995,1530000,22996,1530000,22996,0,22999,37,
23000,1,23099,13767,23096,535500,23097,535500,23097,0,23099,10,
23099,1,23201,25704,23197,510000,23199,510000,23198,0,23201,20,
23201,1,23301,0,23298,1530000,23298,1530000,23298,0,23301,0,
23301,1,23399,0,23398,1734000,23398,1734000,23398,0,23399,0,
23399,1,23504,12852,23500,510000,23501,510000,23501,0,23504,10,
23504,1,23604,23133,23600,510000,23602,510000,23601,0,23604,18,
23604,1,23703,0,23701,1530000,23701,1530000,23701,0,23703,0,
23703,1,23802,125582,23801,1530000,23801,1530000,23801,0,23802,18,
23802,1,23902,0,23901,1530000,23902,1530000,23901,0,23902,0,
23902,1,24008,251164,24007,1530000,24008,1530000,24007,0,24008,36,
24008,1,24112,0,24108,510000,24109,510000,24109,0,24111,0,
24112,1,24215,0,24209,510000,24211,510000,24211,0,24214,0,
24215,1,24310,0,24309,1530000,24309,1530000,24309,0,24310,0,
24310,1,24414,19459,24410,637500,24411,637500,24410,0,24413,11,
24414,1,24515,0,24510,612000,24512,612000,24511,0,24514,0,
24515,1,24614,0,24611,663000,24612,663000,24612,0,24614,0,
24615,1,24718,0,24712,510000,24714,510000,24713,0,24717,0,
24718,1,24813,69768,24811,1530000,24812,1530000,24812,0,24813,10,
24813,1,24917,0,24913,510000,24914,510000,24913,0,24917,0,
24917,1,25016,43577,25013,688500,25014,688500,25014,0,25016,22,
25016,1,25122,32130,25115,510000,25116,510000,25115,0,25122,25,
25122,1,25215,230234,25214,1530000,25215,1530000,25214,0,25215,33,
25216,1,25270,25704,25265,510000,25267,510000,25266,0,25270,20,
25270,1,25366,139536,25365,1530000,25365,1530000,25365,0,25366,20,
25366,1,25466,139536,25465,1530000,25466,1530000,25465,0,25466,20,
25467,1,25571,47764,25567,637500,25569,637500,25568,0,25570,27,
25571,1,25672,23133,25668,510000,25669,510000,25669,0,25671,18,
25672,1,25773,14137,25769,510000,25770,510000,25770,0,25772,11,
25773,1,25873,37172,25870,535500,25871,535500,25870,0,25873,27,
25873,1,25974,64721,25970,561000,25972,561000,25972,0,25974,44,
25975,1,26073,46840,26070,663000,26072,663000,26071,0,26073,25,
26074,1,26177,25704,26171,510000,26174,510000,26173,0,26177,20,
26178,1,26278,23133,26273,510000,26275,510000,26274,0,26277,18,
26278,1,26375,69768,26373,1530000,26374,1530000,26373,0,26375,10,
26375,1,26475,83721,26473,1530000,26474,1530000,26474,0,26475,12,
26475,1,26580,62791,26574,510000,26577,1530000,26575,0,26580,9,
26580,1,26683,12852,26675,510000,26677,510000,26677,0,26682,10,
26683,1,26781,12852,26776,510000,26778,510000,26777,0,26781,10,
26781,1,26882,23133,26877,510000,26879,510000,26878,0,26882,18,
26882,1,26980,230234,26978,1530000,26978,1530000,26978,0,26980,33,
26980,1,27081,12852,27078,510000,27079,510000,27078,0,27081,10,
27081,1,27183,17690,27179,637500,27180,637500,27180,0,27182,10,
27183,1,27284,0,27280,510000,27281,510000,27281,0,27284,0,
27284,1,27384,42411,27380,510000,27381,510000,27381,0,27383,33,
27384,1,27484,0,27481,510000,27482,510000,27481,0,27484,0,
27484,1,27584,16180,27581,561000,27582,561000,27582,0,27584,11,
27584,1,27685,34700,27682,510000,27683,510000,27683,0,27685,27,
27685,1,27786,0,27783,510000,27784,510000,27783,0,27786,0,
27787,1,27887,25704,27883,510000,27884,510000,27884,0,27887,20,
27887,1,27988,58379,27983,637500,27985,637500,27984,0,27987,33,
27988,1,28088,44226,28084,637500,28085,637500,28085,0,28087,25,
28088,1,28189,28274,28185,510000,28186,510000,28186,0,28189,22,
28189,1,28289,34700,28285,510000,28287,510000,28286,0,28289,27,
28289,1,28391,23133,28386,510000,28388,510000,28387,0,28391,18,
28392,1,28491,23133,28487,510000,28488,510000,28488,0,28491,18,
28491,1,28593,12852,28589,510000,28590,510000,28590,0,28592,10,
28593,1,28693,14137,28689,510000,28690,510000,28690,0,28693,11,
28693,1,28795,0,28789,510000,28791,510000,28790,0,28794,0,
28795,1,28896,12852,28890,510000,28892,510000,28891,0,28895,10,
28896,1,28993,88453,28990,637500,28991,637500,28991,0,28993,50,
28993,1,29095,12852,29091,510000,29093,510000,29092,0,29095,10,
29095,1,29196,28274,29192,510000,29193,510000,29193,0,29196,22,
29196,1,29297,23133,29293,510000,29294,510000,29294,0,29297,18,
29297,1,29400,23133,29394,510000,29396,510000,29395,0,29399,18,
29400,1,29495,69768,29494,1530000,29495,1530000,29494,0,29495,10,
29495,1,29596,0,29595,1530000,29595,1530000,29595,0,29596,0,
29596,1,29699,44226,29696,637500,29697,637500,29697,0,29699,25,
29699,1,29803,12852,29797,510000,29799,510000,29799,0,29802,10,
29803,1,29899,69768,29897,1530000,29898,1530000,29897,0,29898,10,
29899,1,30001,21228,29998,637500,29999,637500,29998,0,30001,12,
30001,1,30099,0,30097,1530000,30098,1530000,30098,0,30099,0,
30099,1,30203,12852,30199,510000,30201,510000,30200,0,30203,10,
30203,1,30309,12852,30303,510000,30305,510000,30304,0,30309,10,
30309,1,30409,16521,30400,535500,30402,535500,30401,0,30408,12,
30409,1,30504,29418,30500,561000,30502,561000,30501,0,30504,20,
30504,1,30605,34700,30601,510000,30603,510000,30602,0,30605,27,
30605,1,30707,12852,30702,510000,30703,510000,30703,0,30706,10,
30707,1,30804,139536,30802,1530000,30803,1530000,30802,0,30803,20,
30804,1,30904,0,30902,1530000,30903,1530000,30903,0,30904,0,
30904,1,31009,153489,31007,1530000,31008,1530000,31008,0,31009,22,
31009,1,31112,0,31109,561000,31110,561000,31109,0,31112,0,
31112,1,31218,0,31210,510000,31214,510000,31212,0,31218,0,
31218,1,31315,14137,31310,510000,31312,510000,31311,0,31314,11,
31315,1,31415,759663,31411,1836000,31412,1836000,31412,0,31414,80,
31415,1,31511,838593,31511,2295000,31511,2295000,31511,0,31511,60,
31512,1,31612,461226,31611,2295000,31612,2295000,31611,0,31612,33,
31612,1,31714,0,31712,969000,31713,969000,31713,0,31714,0,
31714,1,31818,0,31814,510000,31816,510000,31815,0,31818,0,
31819,1,31915,0,31914,1836000,31914,1836000,31914,0,31915,0,
31915,1,32016,69768,32015,1530000,32015,1530000,32015,0,32016,10,
32016,1,32121,0,32116,510000,32117,510000,32116,0,32120,0,
32121,1,32222,0,32218,586500,32219,586500,32219,0,32222,0,
32222,1,32319,0,32317,1530000,32318,1530000,32318,0,32319,0,
32319,1,32423,0,32419,535500,32421,535500,32420,0,32423,0,
32424,1,32521,174420,32519,1530000,32520,1530000,32519,0,32521,25,
32521,1,32620,251577,32619,2295000,32619,2295000,32619,0,32620,18,
32620,1,32723,0,32719,510000,32721,510000,32720,0,32723,0,
32723,1,32823,0,32820,510000,32821,510000,32821,0,32823,0,
32823,1,32925,0,32921,510000,32923,510000,32922,0,32925,0,
32925,1,33024,174420,33022,1530000,33023,1530000,33023,0,33024,25,
33024,1,33127,14137,33123,510000,33125,510000,33124,0,33127,11,
33128,1,33228,23133,33224,510000,33226,510000,33225,0,33228,18,
33228,1,33329,32130,33325,510000,33327,510000,33326,0,33329,25,
33329,1,33430,25704,33426,510000,33427,510000,33427,0,33430,20,
33430,1,33531,14137,33527,510000,33528,510000,33528,0,33531,11,
33531,1,33631,42411,33628,510000,33629,510000,33628,0,33631,33,
33631,1,33733,0,33729,612000,33730,612000,33730,0,33732,0,
33733,1,33834,0,33830,586500,33832,586500,33831,0,33834,0,
33835,1,33934,12852,33931,510000,33932,510000,33931,0,33934,10,
33934,1,34032,153489,34030,1530000,34031,1530000,34031,0,34031,22,
34032,1,34132,0,34131,1530000,34131,1530000,34131,0,34132,0,
34132,1,34236,0,34232,561000,34233,561000,34233,0,34235,0,
34236,1,34338,15677,34333,586500,34336,586500,34335,0,34338,10,
34339,1,34437,0,34433,510000,34435,510000,34434,0,34437,0,
34438,1,34538,33341,34535,612000,34536,612000,34536,0,34538,20,
34538,1,34640,23133,34636,510000,34637,510000,34637,0,34639,18,
34640,1,34743,11566,34738,510000,34740,510000,34739,0,34742,9,
34743,1,34844,0,34839,535500,34840,535500,34840,0,34843,0,
34844,1,34940,0,34938,1530000,34939,1530000,34939,0,34940,0,
34940,1,35040,174420,35039,1530000,35039,1530000,35039,0,35040,25,
35040,1,35145,14137,35141,510000,35142,510000,35141,0,35144,11,
35145,1,35247,12852,35242,510000,35244,510000,35243,0,35247,10,
35248,1,35347,22483,35344,663000,35345,663000,35344,0,35347,12,
35348,1,35445,76744,35444,1530000,35444,1530000,35444,0,35445,11,
35445,1,35546,209303,35545,1530000,35545,1530000,35545,0,35546,30,
35546,1,35654,23133,35646,510000,35650,510000,35647,0,35654,18,
35655,1,35747,0,35746,1530000,35746,1530000,35746,0,35747,0,
35748,1,35852,20563,35847,510000,35849,510000,35848,0,35852,16,
35853,1,35973,251164,35949,510000,35970,1530000,35957,0,35973,36,
35973,1,36049,209303,36048,1530000,36048,1530000,36048,0,36049,30,
36049,1,36151,69768,36149,1530000,36149,1530000,36149,0,36150,10,
36151,1,36254,12852,36249,510000,36251,510000,36250,0,36254,10,
36255,1,36355,24781,36350,535500,36351,535500,36350,0,36353,18,
36355,1,36452,460468,36450,1530000,36451,1530000,36451,0,36452,66,
36452,1,36554,47764,36551,637500,36552,637500,36551,0,36554,27,
36554,1,36656,0,36651,510000,36653,510000,36652,0,36655,0,
36657,1,36753,209303,36751,1530000,36752,1530000,36752,0,36752,30,
36753,1,36853,139536,36852,1530000,36852,1530000,36852,0,36853,20,
36853,1,36974,42411,36969,510000,36971,510000,36970,0,36974,33,
36974,1,37057,38919,37054,637500,37055,637500,37054,0,37057,22,
37057,1,37162,0,37154,510000,37158,510000,37157,0,37162,0,
37162,1,37256,189915,37254,1836000,37255,1836000,37255,0,37256,20,
37256,1,37368,12852,37361,510000,37365,510000,37363,0,37368,10,
37368,1,37464,51734,37458,586500,37461,586500,37460,0,37463,33,
37464,1,37562,11566,37559,510000,37560,510000,37560,0,37562,9,
37562,1,37663,27535,37660,535500,37661,535500,37661,0,37663,20,
37664,1,37762,139536,37760,1530000,37761,1530000,37761,0,37762,20,
37762,1,37867,23133,37862,510000,37864,510000,37863,0,37866,18,
37867,1,37918,25704,37913,510000,37915,510000,37914,0,37918,20,
37918,1,38017,306979,38013,1530000,38013,1530000,38013,0,38015,44,
38017,1,38123,25704,38114,510000,38115,510000,38114,0,38123,20,
38124,1,38215,0,38214,1530000,38214,1530000,38214,0,38215,0,
38215,1,38320,12852,38315,510000,38317,510000,38316,0,38320,10,
38321,1,38419,70762,38415,637500,38417,637500,38416,0,38419,40,
38420,1,38521,34700,38517,510000,38519,510000,38518,0,38521,27,
38522,1,38617,139536,38616,1530000,38617,1530000,38616,0,38617,20,
38617,1,38721,12852,38717,510000,38718,510000,38718,0,38720,10,
38721,1,38821,25704,38817,510000,38819,510000,38818,0,38821,20,
38821,1,38921,34700,38918,510000,38919,510000,38919,0,38921,27,
38922,1,39019,174420,39018,1530000,39018,1530000,39018,0,39019,25,
39019,1,39123,11566,39119,510000,39120,510000,39120,0,39123,9,
39123,1,39225,14137,39219,510000,39221,510000,39221,0,39224,11,
39225,1,39324,42411,39320,510000,39321,510000,39321,0,39323,33,
39324,1,39424,0,39420,510000,39421,510000,39421,0,39424,0,
39424,1,39524,0,39520,510000,39522,510000,39521,0,39524,0,
39524,1,39621,0,39620,1530000,39621,1530000,39620,0,39621,0,
39621,1,39723,153489,39721,1530000,39722,1530000,39721,0,39723,22,
39723,1,39825,13767,39822,535500,39823,535500,39822,0,39825,10,
39826,1,39925,0,39922,586500,39923,586500,39923,0,39925,0,
39926,1,40023,230234,40022,1530000,40023,1530000,40022,0,40023,33,
40023,1,40126,29418,40123,561000,40124,561000,40124,0,40126,20,
40126,1,40230,42411,40225,510000,40226,510000,40226,0,40229,33,
40230,1,40331,12852,40326,510000,40328,510000,40327,0,40330,10,
40331,1,40427,139536,40426,1530000,40426,1530000,40426,0,40427,20,
40427,1,40530,37172,40527,535500,40528,535500,40527,0,40530,27,
40530,1,40631,25704,40627,510000,40629,510000,40628,0,40631,20,
40631,1,40731,12852,40728,510000,40729,510000,40728,0,40730,10,
40731,1,40832,15422,40828,510000,40829,510000,40829,0,40832,12,
40832,1,40932,27535,40929,535500,40930,535500,40929,0,40932,20,
40932,1,41032,306979,41029,1530000,41030,1530000,41030,0,41031,44,
41032,1,41133,20563,41130,510000,41131,510000,41130,0,41133,16,
41133,1,41234,0,41230,688500,41231,688500,41231,0,41233,0,
41234,1,41335,0,41331,510000,41332,510000,41332,0,41335,0,
41335,1,41435,17690,41432,637500,41433,637500,41433,0,41435,10,
41435,1,41538,11566,41533,510000,41535,510000,41534,0,41538,9,
41539,1,41634,76744,41633,1530000,41634,1530000,41633,0,41634,11,
41634,1,41739,20563,41735,510000,41736,510000,41735,0,41738,16,
41739,1,41836,0,41835,1530000,41835,1530000,41835,0,41836,0,
41836,1,41941,32130,41936,510000,41938,510000,41937,0,41940,25,
41941,1,42039,306979,42037,1530000,42037,1530000,42037,0,42039,44,
42039,1,42141,15003,42138,612000,42139,612000,42138,0,42141,9,
42141,1,42241,0,42238,510000,42239,510000,42238,0,42241,0,
42241,1,42339,0,42338,1530000,42338,1530000,42338,0,42339,0,
42339,1,42442,0,42439,612000,42440,612000,42439,0,42442,0,
42442,1,42542,0,42539,637500,42540,637500,42540,0,42542,0,
42542,1,42642,0,42639,510000,42640,510000,42640,0,42642,0,
42642,1,42740,0,42739,1530000,42740,1530000,42739,0,42740,0,
42740,1,42844,0,42840,637500,42841,637500,42841,0,42843,0,
42844,1,42941,0,42940,1530000,42940,1530000,42940,0,42941,0,
42941,1,43042,76744,43040,1530000,43041,1530000,43040,0,43042,11,
43042,1,43144,0,43141,510000,43142,510000,43141,0,43144,0,
43144,1,43249,23133,43242,510000,43244,510000,43243,0,43249,18,
43249,1,43346,38919,43343,637500,43344,637500,43344,0,43346,22,
43346,1,43447,33341,43443,612000,43444,612000,43444,0,43447,20,
43447,1,43545,174420,43543,1530000,43544,1530000,43544,0,43545,25,
43545,1,43649,12852,43644,510000,43645,510000,43645,0,43648,10,
43649,1,43745,209303,43744,1530000,43744,1530000,43744,0,43745,30,
43745,1,43845,76744,43844,1530000,43845,1530000,43845,0,43845,11,
43845,1,43951,42328,43945,586500,43947,586500,43946,0,43951,27,
43951,1,44046,153489,44045,1530000,44046,1530000,44045,0,44046,22,
44047,1,44148,125582,44146,1530000,44146,1530000,44146,0,44147,18,
44148,1,44250,19459,44247,637500,44248,637500,44248,0,44250,11,
44250,1,44348,139536,44347,1530000,44347,1530000,44347,0,44348,20,
44348,1,44449,174420,44447,1530000,44448,1530000,44448,0,44449,25,
44449,1,44552,34489,44548,586500,44549,586500,44549,0,44551,22,
44552,1,44649,139536,44648,1530000,44648,1530000,44648,0,44649,20,
44649,1,44753,0,44750,586500,44751,586500,44750,0,44753,0,
44753,1,44854,0,44850,510000,44851,510000,44851,0,44854,0,
44854,1,44956,25704,44951,510000,44952,510000,44952,0,44955,20,
44956,1,45051,209303,45050,1530000,45051,1530000,45051,0,45051,30,
45052,1,45155,0,45151,612000,45153,612000,45152,0,45155,0,
45156,1,45256,26476,45253,561000,45254,561000,45253,0,45256,18,
45256,1,45358,38556,45353,510000,45354,510000,45354,0,45357,30,
45358,1,45458,23133,45454,510000,45455,510000,45455,0,45458,18,
45458,1,45559,28274,45555,510000,45557,510000,45556,0,45559,22,
45559,1,45660,25704,45656,510000,45658,510000,45657,0,45660,20,
45660,1,45763,25704,45757,510000,45759,510000,45758,0,45763,20,
45763,1,45861,17690,45857,637500,45858,637500,45858,0,45860,10,
45861,1,45973,55013,45968,612000,45970,612000,45969,0,45972,33,
45973,1,46063,0,46059,510000,46060,510000,46060,0,46063,0,
46063,1,46160,69768,46159,1530000,46159,1530000,46159,0,46160,10,
46160,1,46264,0,46260,510000,46261,510000,46261,0,46264,0,
46264,1,46361,209303,46360,1530000,46360,1530000,46360,0,46361,30,
46361,1,46465,0,46461,510000,46462,510000,46462,0,46465,0,
46465,1,46567,25704,46563,510000,46564,510000,46563,0,46566,20,
46567,1,46668,14137,46663,510000,46665,510000,46664,0,46668,11,
46668,1,46768,38556,46764,510000,46765,510000,46765,0,46767,30,
46768,1,46868,28274,46865,510000,46866,510000,46865,0,46868,22,
46869,1,46973,35381,46968,637500,46970,637500,46970,0,46973,20,
46973,1,47082,61830,47067,663000,47070,663000,47068,0,47081,33,
47082,1,47170,25087,47167,714000,47168,714000,47167,0,47170,12,
47170,1,47272,34700,47268,510000,47269,510000,47269,0,47272,27,
47272,1,47375,41677,47369,612000,47372,612000,47370,0,47374,25,
47375,1,47475,16180,47470,561000,47472,561000,47471,0,47474,11,
47475,1,47576,0,47570,510000,47573,510000,47571,0,47576,0,
47576,1,47689,37172,47671,535500,47672,535500,47672,0,47689,27,
47689,1,47772,195350,47771,1530000,47771,1530000,47771,0,47772,28,
47772,1,47876,0,47872,510000,47874,510000,47873,0,47876,0,
47876,1,47976,153489,47974,1530000,47975,1530000,47974,0,47976,22,
47976,1,48075,0,48074,1836000,48074,1836000,48074,0,48075,0,
48075,1,48176,0,48174,1530000,48175,1530000,48175,0,48176,0,
48176,1,48281,28305,48278,637500,48279,637500,48279,0,48281,16,
48281,1,48384,12852,48376,510000,48379,510000,48377,0,48383,10,
48384,1,48478,69768,48476,1530000,48477,1530000,48477,0,48478,10,
48478,1,48582,28305,48578,637500,48579,637500,48579,0,48581,16,
48582,1,48681,0,48678,612000,48680,612000,48679,0,48681,0,
48682,1,48780,0,48779,1530000,48779,1530000,48779,0,48780,0,
48780,1,48883,0,48879,510000,48880,510000,48880,0,48882,0,
48883,1,48981,0,48979,1530000,48980,1530000,48980,0,48981,0,
48981,1,49081,0,49080,1530000,49081,1530000,49080,0,49081,0,
49082,1,49183,0,49181,841500,49181,841500,49181,0,49183,0,
49183,1,49286,0,49282,510000,49284,510000,49283,0,49286,0,
49287,1,49384,69768,49382,1530000,49383,1530000,49382,0,49383,10,
49384,1,49488,12852,49483,510000,49485,510000,49484,0,49488,10,
49488,1,49587,12852,49584,510000,49585,510000,49584,0,49587,10,
49588,1,49690,31843,49685,637500,49686,637500,49686,0,49689,18,
49690,1,49790,0,49786,510000,49788,510000,49787,0,49790,0,
49790,1,49890,230234,49888,1530000,49888,1530000,49888,0,49890,33,
49890,1,49988,342093,49987,1632000,49988,1632000,49988,0,49988,44,
49945,1,50088,1257889,50087,2295000,50088,2295000,50088,0,50088,90,
49988,1,50189,698827,50188,2295000,50188,2295000,50188,0,50189,50,
50088,1,50292,0,50288,510000,50290,510000,50289,0,50291,0,
50189,1,50396,17690,50390,637500,50392,637500,50391,0,50395,10,
50292,1,50494,19459,50490,637500,50492,637500,50491,0,50494,11,
50396,1,50594,16670,50590,612000,50592,612000,50591,0,50594,10,
50494,1,50695,0,50691,510000,50692,510000,50692,0,50695,0,
50595,1,50796,15677,50792,586500,50794,586500,50793,0,50796,10,
50696,1,50896,38556,50892,510000,50894,510000,50893,0,50896,30,
50797,1,50995,209303,50993,1530000,50994,1530000,50993,0,50995,30,
50896,1,51099,11566,51094,510000,51096,510000,51095,0,51099,9,
50995,1,51195,0,51194,1530000,51195,1530000,51194,0,51195,0,
51099,1,51299,36773,51295,561000,51297,561000,51296,0,51299,25,
51195,1,51399,69768,51396,1530000,51398,1530000,51397,0,51399,10,
51299,1,51500,17690,51497,637500,51498,637500,51497,0,51500,10,
51400,1,51602,12852,51597,510000,51599,510000,51598,0,51602,10,
51501,1,51700,23133,51697,510000,51698,510000,51698,0,51700,18,
51603,1,51802,0,51798,510000,51799,510000,51799,0,51801,0,
51700,1,51899,0,51898,1530000,51898,1530000,51898,0,51899,0,
51802,1,52000,153489,51998,1530000,51999,1530000,51999,0,52000,22,
51899,1,52103,0,52099,510000,52100,510000,52100,0,52103,0,
52000,1,52200,0,52199,1530000,52199,1530000,52199,0,52200,0,
52104,1,52304,0,52300,535500,52301,535500,52301,0,52303,0,
52200,1,52405,0,52401,510000,52403,510000,52402,0,52404,0,
52304,1,52503,0,52502,1530000,52502,1530000,52502,0,52503,0,
52405,1,52609,12852,52603,510000,52605,510000,52604,0,52608,10,
52503,1,52705,0,52703,1530000,52704,1530000,52703,0,52704,0,
52609,1,52808,17690,52804,637500,52806,637500,52805,0,52808,10,
52705,1,52906,69768,52904,1530000,52905,1530000,52904,0,52906,10,
52808,1,53007,76744,53005,1530000,53006,1530000,53005,0,53006,11,
52906,1,53112,20563,53106,510000,53108,510000,53108,0,53111,16,
53007,1,53212,12852,53207,510000,53209,510000,53208,0,53211,10,
53112,1,53312,0,53308,510000,53309,510000,53309,0,53312,0,
53212,1,53409,76744,53407,1530000,53408,1530000,53408,0,53408,11,
53312,1,53519,10281,53512,510000,53513,510000,53513,0,53518,8,
53409,1,53616,28274,53611,510000,53613,510000,53612,0,53616,22,
53519,1,53717,0,53712,510000,53713,510000,53713,0,53716,0,
53616,1,53818,42411,53813,510000,53814,510000,53814,0,53818,33,
53717,1,53919,12852,53915,510000,53916,510000,53916,0,53918,10,
53818,1,54014,83721,54013,1530000,54014,1530000,54013,0,54014,12,
53919,1,54118,23133,54114,510000,54116,510000,54115,0,54118,18,
54014,1,54219,34700,54215,510000,54217,510000,54216,0,54219,27,
54118,1,54320,14137,54316,510000,54318,510000,54317,0,54320,11,
54219,1,54422,34700,54417,510000,54419,510000,54418,0,54421,27,
54320,1,54521,25704,54517,510000,54519,510000,54518,0,54521,20,
54422,1,54622,12852,54618,510000,54620,510000,54619,0,54622,10,
54521,1,54722,14137,54719,510000,54720,510000,54720,0,54722,11,
54622,1,54823,25704,54819,510000,54821,510000,54820,0,54823,20,
54722,1,54923,0,54920,510000,54921,510000,54921,0,54923,0,
54823,1,55022,209303,55020,1530000,55021,1530000,55021,0,55021,30,
54923,1,55125,0,55121,510000,55122,510000,55122,0,55124,0,
55022,1,55223,348840,55221,1530000,55222,1530000,55222,0,55222,50,
55125,1,55326,0,55322,510000,55324,510000,55323,0,55326,0,
55223,1,55424,209303,55423,1530000,55423,1530000,55423,0,55424,30,
55326,1,55527,12852,55524,510000,55525,510000,55524,0,55527,10,
55424,1,55628,28274,55624,510000,55626,510000,55625,0,55628,22,
55528,1,55729,25704,55725,510000,55727,510000,55726,0,55729,20,
55628,1,55831,12852,55826,510000,55828,510000,55827,0,55831,10,
55729,1,55928,69768,55926,1530000,55927,1530000,55927,0,55928,10,
55831,1,56028,279072,56027,1530000,56027,1530000,56027,0,56028,40,
55928,1,56132,0,56128,688500,56129,688500,56129,0,56131,0,
56028,1,56233,16670,56229,612000,56230,612000,56230,0,56233,10,
56132,1,56330,0,56329,1530000,56329,1530000,56329,0,56330,0,
56233,1,56431,0,56429,1530000,56430,1530000,56429,0,56430,0,
56330,1,56535,0,56530,586500,56532,586500,56531,0,56534,0,
56431,1,56634,34700,56630,510000,56632,510000,56631,0,56634,27,
56535,1,56735,23133,56731,510000,56733,510000,56732,0,56735,18,
56634,1,56837,0,56832,586500,56834,586500,56833,0,56836,0,
56735,1,56937,14709,56933,561000,56934,561000,56934,0,56937,10,
56837,1,57034,313955,57033,1530000,57033,1530000,57033,0,57034,45,
56937,1,57135,69768,57134,1530000,57134,1530000,57134,0,57135,10,
57034,1,57239,11566,57234,510000,57236,510000,57235,0,57238,9,
57135,1,57286,139536,57284,1530000,57285,1530000,57285,0,57286,20,
57239,1,57407,20563,57385,510000,57396,510000,57394,0,57406,16,
57286,1,57490,32360,57486,561000,57487,561000,57487,0,57490,22,
57408,1,57587,69768,57586,1530000,57586,1530000,57586,0,57587,10,
57491,1,57691,17690,57687,637500,57688,637500,57688,0,57690,10,
57587,1,57791,0,57787,637500,57789,637500,57788,0,57791,0,
57691,1,57892,0,57888,510000,57890,510000,57889,0,57892,0,
57791,1,57991,20005,57988,612000,57989,612000,57989,0,57991,12,
57893,1,58089,0,58088,1530000,58088,1530000,58088,0,58089,0,
57991,1,58192,29418,58189,561000,58190,561000,58189,0,58192,20,
58089,1,58291,139536,58289,1530000,58290,1530000,58290,0,58291,20,
58192,1,58398,23133,58390,510000,58394,510000,58393,0,58397,18,
58291,1,58490,279072,58489,1530000,58490,1530000,58490,0,58490,40,
58398,1,58591,174420,58590,1530000,58590,1530000,58590,0,58591,25,
58491,1,58692,0,58690,1530000,58691,1530000,58691,0,58692,0,
58591,1,58794,0,58791,510000,58792,510000,58792,0,58794,0,
58692,1,58892,83721,58891,1530000,58891,1530000,58891,0,58892,12,
58794,1,58993,139536,58991,1530000,58992,1530000,58992,0,58993,20,
58892,1,59100,12852,59093,510000,59095,510000,59094,0,59099,10,
58993,1,59196,0,59193,586500,59194,586500,59194,0,59196,0,
59100,1,59297,0,59293,510000,59295,510000,59294,0,59297,0,
59197,1,59395,0,59393,1530000,59394,1530000,59394,0,59395,0,
59297,1,59498,17690,59494,637500,59495,637500,59495,0,59498,10,
59395,1,59600,11566,59595,510000,59596,510000,59596,0,59600,9,
59498,1,59699,38556,59695,510000,59697,510000,59696,0,59699,30,
59600,1,59800,12852,59796,510000,59797,510000,59797,0,59799,10,
59699,1,59903,13767,59896,510000,59900,535500,59897,0,59903,10,
59800,1,59998,195350,59996,1530000,59997,1530000,59997,0,59998,28,
59904,1,60101,12852,60097,510000,60099,510000,60098,0,60100,10,
59998,1,60201,12852,60197,510000,60199,510000,60198,0,60201,10,
60101,1,60303,14137,60299,510000,60301,510000,60300,0,60303,11,
60201,1,60408,0,60400,510000,60402,510000,60401,0,60407,0,
60304,1,60507,23133,60500,510000,60502,510000,60501,0,60507,18,
60408,1,60605,15422,60600,510000,60602,510000,60601,0,60604,12,
60508,1,60704,12852,60700,510000,60702,510000,60701,0,60704,10,
60605,1,60805,12852,60801,510000,60803,510000,60802,0,60805,10,
60704,1,60903,209303,60901,1530000,60902,1530000,60902,0,60903,30,
60805,1,61010,188373,61008,1530000,61009,1530000,61009,0,61010,27,
60903,1,61110,139536,61108,1530000,61109,1530000,61109,0,61110,20,
61010,1,61210,76744,61208,1530000,61209,1530000,61209,0,61210,11,
61110,1,61310,851927,61309,2193000,61309,2193000,61309,0,61310,66,
61210,1,61410,1397655,61409,2295000,61409,2295000,61409,0,61410,100,
61310,1,61510,1397655,61509,2295000,61509,2295000,61509,0,61510,100,
61410,1,61610,1397655,61609,2295000,61610,2295000,61609,0,61610,100,
61510,1,61711,1397655,61710,2295000,61710,2295000,61710,0,61711,100,
61610,1,,,,,,,,,,,
61711,1,,,,,,,,,,,
,,,,,,,,,,,,

System Statistics:
Sensor Id,Name,Type,Average
206,"Battery Status",Battery Status,1.0
332,"Battery Power*",Power [uW],314950.25974025973
1000,"CPU1 Frequency",CPU Frequency [kHz],1154413.1493506494
1001,"CPU2 Frequency",CPU Frequency [kHz],1157807.62987013
1096,"CPU1 Load",CPU Load [%],0.0
1097,"CPU2 Load",CPU Load [%],31.12012987012987


